// MilkShape 3D ASCII
// Converted using ms3dascii-export Blender plugin
// https://github.com/mikex5/ms3dascii-blender-addon
Frames: 1
Frame: 1

Meshes: 1
"socket" 0 0
93
0 -0.038615 0.527354 -2.633948 0.440508 -0.069257 -1
0 0.334541 0.372770 -2.633948 0.430199 -0.064933 -1
0 -0.038640 -0.000413 0.019321 0.467869 -0.000158 -1
0 -0.038615 4.279642 -6.386235 0.435395 -0.211363 -1
0 2.987808 3.026037 -6.386236 0.354311 -0.195711 -1
0 -0.038615 2.030309 -4.883280 0.431855 -0.142689 -1
0 8.330613 8.368844 -4.883281 0.282703 -0.361485 -1
0 -0.038615 11.835511 -4.883280 0.466335 -0.394237 -1
0 5.065928 12.323104 -2.633949 0.358203 -0.438048 -1
0 9.393365 9.431595 -2.633949 0.265227 -0.411282 -1
0 -0.038616 13.338466 -2.633948 0.464838 -0.457023 -1
0 -0.038617 13.866234 0.019321 0.453265 -0.518815 -1
0 5.267896 12.982955 0.019321 0.347394 -0.488459 -1
0 -0.038615 13.338466 2.672589 0.431144 -0.578305 -1
0 5.065928 12.323104 2.672588 0.329274 -0.537027 -1
0 -0.038615 11.835511 4.921921 0.398999 -0.634250 -1
0 -0.038614 9.586180 6.424878 0.359147 -0.682881 -1
0 8.330615 8.368844 4.921920 0.222150 -0.560231 -1
0 -1.078615 12.697908 2.407262 0.461126 -0.592407 -1
0 -1.078615 11.345252 4.431661 0.426199 -0.652686 -1
0 2.987809 3.026037 6.424876 0.185006 -0.747172 -1
0 6.740098 6.778327 6.424876 0.209888 -0.616537 -1
0 -0.038640 -0.000413 0.019321 0.164183 -0.994795 -1
0 0.334541 0.372769 2.672589 0.171290 -0.911737 -1
0 -0.038613 0.527354 2.672589 0.183401 -0.914366 -1
0 1.287995 1.326222 -4.883280 0.000000 -0.000000 -1
0 2.987808 3.026037 -6.386236 0.000000 -0.000000 -1
0 1.992083 -0.000413 -4.883280 0.000000 -0.000000 -1
0 4.241415 -0.000413 -6.386236 0.000000 -0.000000 -1
0 11.797284 -0.000413 -4.883281 0.102226 -0.248609 -1
0 9.547952 -0.000413 -6.386238 0.158954 -0.203776 -1
0 6.740096 6.778327 -6.386237 0.303707 -0.309676 -1
0 9.393365 9.431595 2.672588 0.236225 -0.508278 -1
0 13.828009 -0.000413 0.019319 0.018926 -0.383375 -1
0 12.772474 5.306126 0.019320 0.149427 -0.427529 -1
0 12.284881 5.104158 2.672587 0.135644 -0.483733 -1
0 13.300241 -0.000413 2.672587 0.000158 -0.462395 -1
0 9.766552 9.804783 0.019320 0.250381 -0.459603 -1
0 13.300241 -0.000413 -2.633950 0.054265 -0.312686 -1
0 12.284881 5.104158 -2.633950 0.169667 -0.373792 -1
0 1.287997 1.326222 4.921922 0.000000 -0.000000 -1
0 1.992085 -0.000413 4.921922 0.000000 -0.000000 -1
0 4.241416 -0.000413 6.424876 0.000000 -0.000000 -1
0 2.987809 3.026037 6.424876 0.000000 -0.000000 -1
0 -0.038617 9.586179 -6.386236 0.458711 -0.334535 -1
0 0.489128 -0.000413 -2.633948 0.421465 -0.057900 -1
0 0.489128 -0.000413 2.672589 0.158898 -0.912520 -1
0 -3.039048 10.052082 0.057961 0.631207 -0.824145 -1
0 0.080952 11.092081 0.057960 0.625404 -0.915562 -1
0 0.080952 9.012082 -3.544704 0.498736 -0.844100 -1
0 -3.039049 8.492083 -2.644037 0.580325 -0.803257 -1
0 0.080952 4.852084 -3.544704 0.498419 -0.698695 -1
0 -3.039049 5.372084 -2.644037 0.573109 -0.750288 -1
0 0.080952 2.772086 0.057961 0.623698 -0.628531 -1
0 -3.039048 3.812085 0.057961 0.618640 -0.719817 -1
0 0.080953 4.852086 3.660625 0.751262 -0.697856 -1
0 -3.039048 5.372085 2.759959 0.669943 -0.738460 -1
0 0.080953 9.012082 3.660625 0.751262 -0.843011 -1
0 -3.039048 8.492083 2.759959 0.675660 -0.791677 -1
0 -1.078615 2.520570 -4.393019 0.530648 -0.374410 -1
0 -1.078615 1.167910 -2.368621 0.578882 -0.342181 -1
0 -1.078640 0.692920 0.019321 0.635778 -0.330864 -1
0 -1.078613 1.167910 2.407262 0.692674 -0.342181 -1
0 -1.078612 2.520571 4.431662 0.740908 -0.374410 -1
0 -1.078613 4.544968 5.784321 0.773136 -0.422644 -1
0 -1.078615 9.320853 5.784321 0.773136 -0.536435 -1
0 -1.078615 11.345252 4.431661 0.740908 -0.584669 -1
0 -1.078615 12.697908 2.407262 0.692674 -0.616898 -1
0 -1.078617 13.172901 0.019322 0.635778 -0.628215 -1
0 -1.078616 12.697908 -2.368621 0.578882 -0.616898 -1
0 -1.078615 11.345252 -4.393019 0.530648 -0.584669 -1
0 -1.078616 9.320852 -5.745680 0.498419 -0.536435 -1
0 -1.078615 4.544970 -5.745679 0.498419 -0.422644 -1
0 -1.078640 0.692920 0.019321 0.498104 -0.015954 -1
0 -1.078615 1.167910 -2.368621 0.473887 -0.077832 -1
0 -1.078616 12.697908 -2.368621 0.497213 -0.460200 -1
0 -1.078617 13.172901 0.019322 0.484952 -0.527514 -1
0 -0.038612 2.030312 4.921923 0.221934 -0.842008 -1
0 -1.078612 2.520571 4.431662 0.253809 -0.861587 -1
0 -1.078613 1.167910 2.407262 0.219613 -0.927887 -1
0 -1.078616 9.320852 -5.745680 0.488742 -0.328549 -1
0 -1.078615 11.345252 -4.393019 0.498104 -0.392452 -1
0 -1.078615 9.320853 5.784321 0.383211 -0.705369 -1
0 -1.078640 0.692920 0.019321 0.201890 -0.999842 -1
0 -1.078615 2.520570 -4.393019 0.465111 -0.144084 -1
0 -0.038613 4.279641 6.424877 0.267278 -0.781305 -1
0 -1.078613 4.544968 5.784321 0.295310 -0.802288 -1
0 -1.078615 4.544970 -5.745679 0.466915 -0.209209 -1
0 11.797286 -0.000413 4.921920 0.000388 -0.547440 -1
0 9.547956 -0.000413 6.424876 0.021170 -0.620177 -1
0 -0.038612 2.030312 4.921923 0.000000 -0.000000 -1
0 9.547956 -0.000413 6.424876 0.000000 -0.000000 -1
0 9.547952 -0.000413 -6.386238 0.000000 -0.000000 -1
72
-0.452071 -0.820307 -0.350261
-0.650319 -0.650288 -0.392651
-0.580340 -0.814356 0.000000
-0.319010 -0.241279 -0.916501
-0.153813 -0.153813 -0.976043
-0.429975 -0.616840 -0.659200
0.490677 0.490677 -0.720023
-0.177740 0.688711 -0.702872
0.342326 0.823756 -0.451918
0.656575 0.651265 -0.380444
-0.196966 0.904386 -0.378491
-0.194586 0.980865 0.000000
0.378582 0.925535 0.000000
-0.196966 0.904386 0.378491
0.342326 0.823756 0.451918
-0.177740 0.688711 0.702872
-0.205512 0.322550 0.923948
0.490677 0.490677 0.720023
-0.857082 0.475936 0.197119
-0.857082 0.364269 0.364269
-0.153813 -0.153813 0.976043
0.250038 0.250038 0.935362
-0.650319 -0.650288 0.392651
-0.452071 -0.820307 0.350261
-0.488418 -0.488418 -0.723106
-0.631245 -0.309732 -0.710990
-0.220435 -0.091311 -0.971099
0.678182 0.211676 -0.703696
0.349895 0.144932 -0.925504
0.250038 0.250038 -0.935362
0.656575 0.651265 0.380444
0.980773 0.195074 0.000000
0.923856 0.382672 0.000000
0.830256 0.343883 0.438612
0.911893 0.181371 0.368145
0.711936 0.702200 0.000000
0.911893 0.181371 -0.368145
0.830256 0.343883 -0.438612
-0.488418 -0.488418 0.723106
-0.631245 -0.309732 0.710990
-0.220435 -0.091311 0.971099
-0.205512 0.322520 -0.923948
-0.856594 -0.354839 -0.374554
-0.856594 -0.354839 0.374554
-0.727714 0.685873 0.000000
-0.316202 0.948668 0.000000
-0.316202 0.474319 -0.821558
-0.727714 0.342936 -0.593982
-0.316202 -0.474319 -0.821558
-0.727714 -0.342936 -0.593982
-0.316202 -0.948668 0.000000
-0.727714 -0.685873 0.000000
-0.316202 -0.474319 0.821558
-0.727714 -0.342936 0.593982
-0.316202 0.474319 0.821558
-0.727714 0.342936 0.593982
-0.857082 -0.364269 -0.364269
-0.857082 -0.475936 -0.197119
-0.857082 -0.515152 0.000000
-0.857082 -0.475936 0.197119
-0.857082 -0.364269 0.364269
-0.844111 -0.149541 0.514847
-0.844111 0.149541 0.514847
-0.857082 0.515152 0.000000
-0.857082 0.475936 -0.197119
-0.857082 0.364269 -0.364269
-0.844111 0.149541 -0.514847
-0.844111 -0.149541 -0.514847
-0.429975 -0.616840 0.659200
-0.319010 -0.241279 0.916501
0.678182 0.211676 0.703696
0.349895 0.144932 0.925504
120
0 0 1 2 0 1 2 1
0 3 4 5 3 4 5 2
0 6 7 8 6 7 8 3
0 8 9 6 8 9 6 4
0 8 10 11 8 10 11 5
0 8 11 12 8 11 12 5
0 12 11 13 12 11 13 6
0 12 13 14 12 13 14 6
0 15 16 17 15 16 17 7
0 14 15 17 14 15 17 8
0 15 13 18 15 13 18 9
0 15 18 19 15 18 19 9
0 20 21 16 20 21 16 10
0 22 23 24 2 22 23 11
0 25 5 26 24 5 4 12
0 27 26 28 25 4 26 13
0 13 15 14 13 15 14 14
0 17 16 21 17 16 21 15
0 6 29 30 6 27 28 16
0 30 31 6 28 29 6 17
0 32 14 17 30 14 17 18
0 33 34 35 31 32 33 19
0 33 35 36 31 33 34 19
0 34 37 32 32 35 30 20
0 34 32 35 32 30 33 20
0 37 12 14 35 12 14 21
0 37 14 32 35 14 30 21
0 38 39 34 36 37 32 22
0 38 34 33 36 32 31 22
0 39 9 37 37 9 35 23
0 39 37 34 37 35 32 23
0 9 8 12 9 8 12 24
0 9 12 37 9 12 35 24
0 40 23 41 38 22 39 25
0 41 42 43 39 40 20 26
0 6 31 44 6 29 41 27
0 0 5 1 0 5 1 28
0 40 41 43 38 39 20 29
0 44 7 6 41 7 6 30
0 44 4 3 41 4 3 31
0 44 31 4 41 29 4 32
0 1 25 27 1 24 25 33
0 27 45 1 25 42 1 34
0 25 26 27 24 4 25 35
0 2 1 45 2 1 42 36
0 22 46 23 2 43 22 37
0 1 5 25 1 5 24 38
0 46 41 23 43 39 22 39
0 47 48 49 44 45 46 40
0 47 49 50 44 46 47 40
0 50 49 51 47 46 48 41
0 50 51 52 47 48 49 41
0 52 51 53 49 48 50 42
0 52 53 54 49 50 51 42
0 54 53 55 51 50 52 43
0 54 55 56 51 52 53 43
0 56 55 57 53 52 54 44
0 56 57 58 53 54 55 44
0 58 57 48 55 54 45 45
0 58 48 47 55 45 44 45
0 47 50 52 44 47 49 46
0 47 52 54 44 49 51 46
0 47 54 56 44 51 53 46
0 47 56 58 44 53 55 46
0 59 60 61 56 57 58 47
0 59 61 62 56 58 59 47
0 59 62 63 56 59 60 47
0 59 63 64 56 60 61 47
0 59 64 65 56 61 62 47
0 59 65 66 56 62 19 47
0 59 66 67 56 19 18 47
0 59 67 68 56 18 63 47
0 59 68 69 56 63 64 47
0 59 69 70 56 64 65 47
0 59 70 71 56 65 66 47
0 59 71 72 56 66 67 47
0 0 2 73 0 2 58 48
0 0 73 74 0 58 57 48
0 11 10 75 11 10 64 49
0 11 75 76 11 64 63 49
0 24 77 78 23 68 60 50
0 24 78 79 23 60 59 50
0 7 44 80 7 41 66 51
0 7 80 81 7 66 65 51
0 16 15 19 16 15 19 52
0 16 19 82 16 19 62 52
0 22 24 79 2 23 59 53
0 22 79 83 2 59 58 53
0 5 0 74 5 0 57 54
0 5 74 84 5 57 56 54
0 13 11 76 13 11 63 55
0 13 76 18 13 63 18 55
0 85 16 82 69 16 62 56
0 85 82 86 69 62 61 56
0 44 3 87 41 3 67 57
0 44 87 80 41 67 66 57
0 10 7 81 10 7 65 58
0 10 81 75 10 65 64 58
0 3 5 84 3 5 56 59
0 3 84 87 3 56 67 59
0 77 85 86 68 69 61 60
0 77 86 78 68 61 60 60
0 7 10 8 7 10 8 61
0 85 20 16 69 20 16 62
0 29 6 39 27 6 37 63
0 9 39 6 9 37 6 64
0 38 29 39 36 27 37 65
0 35 17 88 33 17 70 66
0 35 32 17 33 30 17 67
0 36 35 88 34 33 70 68
0 21 89 17 21 71 17 69
0 89 88 17 71 70 17 70
0 23 40 90 22 38 68 71
0 24 23 90 23 22 68 72
0 40 43 90 38 20 68 73
0 90 43 85 68 20 69 74
0 42 91 43 40 71 20 75
0 91 21 43 71 21 20 76
0 28 26 92 26 4 28 77
0 31 92 4 29 28 4 78
Materials: 0
GroupComments: 0
MaterialComments: 0
BoneComments: 0
ModelComment: 0
