// MilkShape 3D ASCII
// Converted using ms3dascii-export Blender plugin
// https://github.com/mikex5/ms3dascii-blender-addon
Frames: 312
Frame: 1

Meshes: 1
"Cube" 0 0
30
0 4.000000 0.700000 -128.000000 0.124269 -0.046709 -1
0 3.500000 1.700000 -128.000000 0.141330 -0.046709 -1
0 3.500000 1.700000 128.000000 0.141340 -0.953296 -1
0 4.000000 0.700000 128.000000 0.124279 -0.953296 -1
0 3.750000 0.000000 128.000000 0.112994 -0.953296 -1
0 -3.650000 0.000000 128.000000 0.000069 -0.953298 -1
0 -3.650000 0.000000 -128.000000 0.000000 -0.046711 -1
0 3.750000 0.000000 -128.000000 0.112926 -0.046709 -1
0 -4.000000 1.000000 128.000000 0.273188 -0.953295 -1
0 -3.650000 2.000000 128.000000 0.257020 -0.953295 -1
0 -3.650000 2.000000 -128.000000 0.256984 -0.046708 -1
0 -4.000000 1.000000 -128.000000 0.273170 -0.046708 -1
0 -2.333333 2.900000 128.000000 0.232666 -0.953295 -1
0 -2.333333 2.900000 -128.000000 0.232646 -0.046709 -1
0 -3.650000 0.000000 128.000000 0.289356 -0.953295 -1
0 -3.650000 0.000000 -128.000000 0.289356 -0.046708 -1
0 2.083333 2.250000 -128.000000 0.164521 -0.046709 -1
0 2.083333 2.250000 128.000000 0.164547 -0.953296 -1
0 3.750000 0.000000 128.000000 0.134387 -0.983560 -1
0 4.000000 0.700000 128.000000 0.132168 -0.972437 -1
0 3.500000 1.700000 128.000000 0.141938 -0.958451 -1
0 -3.650000 2.000000 128.000000 0.250543 -0.969807 -1
0 -4.000000 1.000000 128.000000 0.253606 -0.985681 -1
0 -3.650000 0.000000 128.000000 0.246100 -1.000000 -1
0 -4.000000 1.000000 -128.000000 0.253587 -0.014320 -1
0 -3.650000 2.000000 -128.000000 0.250525 -0.030195 -1
0 3.500000 1.700000 -128.000000 0.141911 -0.041553 -1
0 4.000000 0.700000 -128.000000 0.132140 -0.027566 -1
0 3.750000 0.000000 -128.000000 0.134359 -0.016443 -1
0 -3.650000 0.000000 -128.000000 0.246081 -0.000000 -1
16
0.776360 0.046876 -0.628498
0.520493 0.571520 -0.634297
0.520493 0.571520 0.634297
0.776360 0.046876 0.628498
0.461867 -0.655416 0.597552
-0.464125 -0.654195 0.597125
-0.464125 -0.654195 -0.597125
0.461867 -0.655416 -0.597552
-0.768548 0.000000 0.639760
-0.607746 0.465773 0.643147
-0.607746 0.465773 -0.643147
-0.768548 0.000000 -0.639760
-0.173894 0.753868 0.633564
-0.173894 0.753868 -0.633564
0.186560 0.706381 -0.682760
0.186560 0.706381 0.682760
28
0 0 1 2 0 1 2 1
0 0 2 3 0 2 3 1
0 4 5 6 4 5 6 2
0 4 6 7 4 6 7 2
0 8 9 10 8 9 10 3
0 8 10 11 8 10 11 3
0 12 13 10 12 13 10 4
0 12 10 9 12 10 9 4
0 14 8 11 5 8 11 5
0 14 11 15 5 11 6 5
0 7 0 3 7 0 3 6
0 7 3 4 7 3 4 6
0 2 1 16 2 1 14 7
0 2 16 17 2 14 15 7
0 17 16 13 15 14 13 8
0 17 13 12 15 13 12 8
0 18 19 20 4 3 2 9
0 18 20 17 4 2 15 9
0 18 17 12 4 15 12 9
0 18 12 21 4 12 9 9
0 18 21 22 4 9 8 9
0 18 22 23 4 8 5 9
0 24 25 13 11 10 13 10
0 24 13 16 11 13 14 10
0 24 16 26 11 14 1 10
0 24 26 27 11 1 0 10
0 24 27 28 11 0 7 10
0 24 28 29 11 7 6 10
Materials: 1
"glass0"
0.200000 0.200000 0.200000 1.000000
1.000000 1.000000 1.000000 1.000000
0.000000 0.000000 0.000000 1.000000
0.000000 0.000000 0.000000 1.000000
0.000000
1.000000
"materials/membrane.png"
""
GroupComments: 0
MaterialComments: 0
BoneComments: 0
ModelComment: 0
