// MilkShape 3D ASCII
// Converted using ms3dascii-export Blender plugin
// https://github.com/mikex5/ms3dascii-blender-addon
Frames: 1
Frame: 1

Meshes: 1
"Plane" 0 4
88
0 17.919998 0.890738 10.222840 0.399972 -0.628434 -1
0 17.919998 0.000012 16.560574 0.495164 -0.628433 -1
0 24.320000 0.000012 16.560574 0.495164 -0.723626 -1
0 24.320000 0.890738 10.222840 0.399972 -0.723626 -1
0 -24.320000 0.890738 10.222840 0.399972 -0.000164 -1
0 -24.320000 0.000012 16.560574 0.495164 -0.000164 -1
0 -17.919998 0.000012 16.560574 0.495164 -0.095357 -1
0 -17.919998 0.890738 10.222840 0.399972 -0.095357 -1
0 16.639999 0.890738 10.222840 0.399972 -0.609395 -1
0 -16.639999 0.890738 10.222840 0.399972 -0.114395 -1
0 -17.919998 0.000010 -16.560568 0.000164 -0.095357 -1
0 -17.919998 0.890718 -10.222852 0.095357 -0.095357 -1
0 -16.639999 0.890718 -10.222852 0.095357 -0.114395 -1
0 16.639999 0.890718 -10.222852 0.095357 -0.609396 -1
0 17.919998 0.890718 -10.222852 0.095357 -0.628434 -1
0 17.919998 0.000010 -16.560568 0.000164 -0.628435 -1
0 17.919998 1.381800 3.199994 0.295261 -0.628434 -1
0 16.639999 1.381800 3.199994 0.295261 -0.609395 -1
0 17.919998 1.292536 4.476870 0.314299 -0.628434 -1
0 -17.919998 1.381806 -3.199988 0.200068 -0.095357 -1
0 -17.919998 1.381800 3.199994 0.295260 -0.095357 -1
0 -16.639999 1.381800 3.199994 0.295260 -0.114395 -1
0 17.919998 1.381806 -3.199988 0.200069 -0.628434 -1
0 16.639999 1.381806 -3.199988 0.200069 -0.609396 -1
0 -16.639999 1.381806 -3.199988 0.200068 -0.114395 -1
0 -17.919998 1.292518 -4.476871 0.181030 -0.095357 -1
0 -24.320000 0.000010 -16.560568 0.000164 -0.000164 -1
0 -24.320000 0.890718 -10.222852 0.095357 -0.000164 -1
0 -24.320000 1.381806 -3.199988 0.200068 -0.000164 -1
0 -17.920000 0.980008 -8.945958 0.114395 -0.095357 -1
0 -24.320000 1.381800 3.199994 0.295260 -0.000164 -1
0 -17.919998 0.980027 8.945958 0.380933 -0.095357 -1
0 -17.919998 1.292536 4.476870 0.314299 -0.095357 -1
0 24.320000 0.890718 -10.222852 0.095357 -0.723627 -1
0 24.320000 0.000010 -16.560568 0.000165 -0.723627 -1
0 17.919998 0.980008 -8.945958 0.114396 -0.628434 -1
0 17.919998 1.292518 -4.476871 0.181031 -0.628434 -1
0 24.320000 1.381806 -3.199988 0.200069 -0.723626 -1
0 24.320000 1.381800 3.199994 0.295261 -0.723626 -1
0 17.919998 0.980027 8.945958 0.380933 -0.628434 -1
0 16.639999 0.890718 -10.222852 0.504589 -0.522295 -1
0 16.639999 -0.376825 -10.044710 0.525360 -0.512613 -1
0 17.919998 -0.296873 -8.856669 0.543387 -0.531388 -1
0 17.919998 0.980008 -8.945958 0.530590 -0.551939 -1
0 -17.920000 0.980008 -8.945958 0.530800 -0.000530 -1
0 -17.919998 -0.296873 -8.856669 0.542726 -0.025441 -1
0 -16.639999 -0.376825 -10.044710 0.525303 -0.041359 -1
0 -16.639999 0.890718 -10.222852 0.505493 -0.031733 -1
0 17.919998 1.292518 -4.476871 0.614882 -0.554318 -1
0 17.919998 0.015636 -4.387582 0.605374 -0.531791 -1
0 16.639999 0.104924 -3.110700 0.623023 -0.512237 -1
0 16.639999 1.381806 -3.199988 0.643788 -0.525424 -1
0 -16.639999 1.381806 -3.199988 0.643788 -0.029132 -1
0 -16.639999 0.104924 -3.110700 0.622846 -0.040343 -1
0 -17.919998 0.015636 -4.387582 0.602478 -0.023420 -1
0 -17.919998 1.292518 -4.476871 0.614470 -0.000164 -1
0 -17.919998 1.292536 4.476870 0.669423 -0.000530 -1
0 -17.919998 0.015654 4.387582 0.681349 -0.025441 -1
0 -16.639999 0.101800 3.199993 0.663927 -0.041359 -1
0 -16.639999 1.381800 3.199994 0.644117 -0.031733 -1
0 -16.639999 0.101800 3.199993 0.979044 -0.867078 -1
0 -17.919998 0.015654 4.387582 0.996750 -0.884080 -1
0 -17.919998 -0.296855 8.856669 0.996750 -0.948050 -1
0 -16.639999 -0.386144 10.133552 0.979044 -0.966327 -1
0 16.639999 -0.386144 10.133552 0.518695 -0.966327 -1
0 17.919998 -0.296855 8.856669 0.500989 -0.948050 -1
0 17.919998 0.015654 4.387582 0.500989 -0.884080 -1
0 16.639999 0.101800 3.199993 0.518695 -0.867079 -1
0 -16.639999 -0.376825 -10.044710 0.021550 -0.966327 -1
0 -17.919998 -0.296873 -8.856669 0.003845 -0.949325 -1
0 -17.919998 0.015636 -4.387582 0.003845 -0.885355 -1
0 -16.639999 0.104924 -3.110700 0.021550 -0.867078 -1
0 16.639999 0.104924 -3.110700 0.481901 -0.867078 -1
0 17.919998 0.015636 -4.387582 0.499606 -0.885355 -1
0 17.919998 -0.296873 -8.856669 0.499606 -0.949325 -1
0 16.639999 -0.376825 -10.044710 0.481901 -0.966327 -1
0 16.639999 1.381800 3.199994 0.643213 -0.522294 -1
0 16.639999 0.101800 3.199993 0.663984 -0.512613 -1
0 17.919998 0.015654 4.387582 0.682010 -0.531387 -1
0 17.919998 1.292536 4.476870 0.669213 -0.551938 -1
0 -16.639999 0.890738 10.222840 0.782412 -0.029132 -1
0 -16.639999 -0.386144 10.133552 0.761469 -0.040344 -1
0 -17.919998 -0.296855 8.856669 0.741102 -0.023420 -1
0 -17.919998 0.980027 8.945958 0.753093 -0.000164 -1
0 17.919998 -0.296855 8.856669 0.743998 -0.531791 -1
0 17.919998 0.980027 8.945958 0.753505 -0.554318 -1
0 16.639999 0.890738 10.222840 0.782412 -0.525423 -1
0 16.639999 -0.386144 10.133552 0.761647 -0.512237 -1
38
0.000000 0.994507 0.104526
0.000000 0.990265 0.139164
-0.233314 0.857448 -0.458571
0.233314 0.857448 -0.458571
0.000000 0.990265 -0.139164
0.000000 0.994507 -0.104526
0.217292 0.869808 0.442885
-0.217292 0.869808 0.442885
0.000000 0.999390 0.034883
-0.217292 0.799707 0.559618
-0.542161 0.790063 0.285989
0.000000 0.999390 -0.034883
0.217292 0.799707 0.559618
-0.233314 0.785272 -0.573473
0.233314 0.785272 -0.573473
0.549120 0.786340 -0.282998
0.542222 0.822169 0.173284
0.549120 0.818079 -0.170782
0.542161 0.790063 0.285989
-0.542222 0.822169 0.173284
-0.549120 0.786340 -0.282998
-0.549120 0.818079 -0.170782
-0.288461 0.699423 0.653859
-0.712973 0.651997 0.257912
0.712973 0.651997 0.257912
0.288461 0.699423 0.653859
-0.717338 0.608051 -0.340098
-0.297159 0.578814 -0.759362
0.297159 0.578814 -0.759362
0.717338 0.608051 -0.340098
0.712973 0.609760 0.346141
0.288461 0.601642 0.744835
0.717338 0.649464 -0.252144
0.297159 0.678854 -0.671407
-0.297159 0.678854 -0.671407
-0.717338 0.649464 -0.252144
-0.712973 0.609760 0.346141
-0.288461 0.601642 0.744835
94
0 0 1 2 0 1 1 1
0 0 2 3 0 1 0 1
0 4 5 6 0 1 1 2
0 4 6 7 0 1 0 2
0 7 6 1 0 1 1 3
0 7 1 0 0 1 0 3
0 7 0 8 0 0 2 3
0 7 8 9 0 2 3 3
0 10 11 12 4 5 6 4
0 10 12 13 4 6 7 4
0 10 13 14 4 7 5 4
0 10 14 15 4 5 4 4
0 16 17 18 8 9 10 5
0 19 20 21 11 8 12 6
0 19 21 17 11 12 9 6
0 19 17 16 11 9 8 6
0 19 16 22 11 8 11 6
0 19 22 23 11 11 13 6
0 19 23 24 11 13 14 6
0 25 19 24 15 11 14 7
0 26 27 11 4 5 5 8
0 26 11 10 4 5 4 8
0 27 28 19 5 11 11 9
0 27 19 25 5 11 15 9
0 27 25 29 5 15 16 9
0 27 29 11 5 16 5 9
0 28 30 20 11 8 8 10
0 28 20 19 11 8 11 10
0 30 4 7 8 0 0 11
0 30 7 31 8 0 17 11
0 30 31 32 8 17 18 11
0 30 32 20 8 18 8 11
0 15 14 33 4 5 5 12
0 15 33 34 4 5 4 12
0 14 35 36 5 19 20 13
0 14 36 22 5 20 11 13
0 14 22 37 5 11 11 13
0 14 37 33 5 11 5 13
0 22 16 38 11 8 8 14
0 22 38 37 11 8 11 14
0 16 18 39 8 10 21 15
0 16 39 0 8 21 0 15
0 16 0 3 8 0 0 15
0 16 3 38 8 0 8 15
0 40 41 42 7 22 23 16
0 40 42 43 7 23 19 16
0 44 45 46 16 24 25 17
0 44 46 47 16 25 6 17
0 20 32 21 8 18 12 18
0 14 13 35 5 7 19 19
0 48 49 50 20 26 27 20
0 48 50 51 20 27 13 20
0 52 53 54 14 28 29 21
0 52 54 55 14 29 15 21
0 56 57 58 18 30 31 22
0 56 58 59 18 31 12 22
0 60 61 62 31 30 32 23
0 60 62 63 31 32 33 23
0 60 63 64 31 33 34 23
0 60 64 65 31 34 35 23
0 60 65 66 31 35 36 23
0 60 66 67 31 36 37 23
0 68 69 70 25 24 29 24
0 68 70 71 25 29 28 24
0 68 71 72 25 28 27 24
0 68 72 73 25 27 26 24
0 68 73 74 25 26 23 24
0 68 74 75 25 23 22 24
0 76 77 78 9 37 36 25
0 76 78 79 9 36 10 25
0 77 76 59 37 9 12 26
0 77 59 58 37 12 31 26
0 80 81 82 3 33 32 27
0 80 82 83 3 32 17 27
0 84 85 79 35 21 10 28
0 84 79 78 35 10 36 28
0 81 80 86 33 3 2 29
0 81 86 87 33 2 34 29
0 11 29 12 5 16 6 30
0 57 56 83 30 18 17 31
0 57 83 82 30 17 32 31
0 0 39 8 0 21 2 32
0 45 44 55 24 16 15 33
0 45 55 54 24 15 29 33
0 9 31 7 3 17 0 34
0 53 52 51 28 14 13 35
0 53 51 50 28 13 27 35
0 23 22 36 13 11 20 36
0 49 48 43 26 20 19 37
0 49 43 42 26 19 23 37
0 41 40 47 22 7 6 38
0 41 47 46 22 6 25 38
0 85 84 87 21 35 34 39
0 85 87 86 21 34 2 39
Materials: 0
GroupComments: 0
MaterialComments: 0
BoneComments: 0
ModelComment: 0
