// MilkShape 3D ASCII
// Converted using ms3dascii-export Blender plugin
// https://github.com/mikex5/ms3dascii-blender-addon
Frames: 1
Frame: 1

Meshes: 1
"combobase" 0 2
46
0 25.600000 3.946951 72.902489 1.000000 -0.500000 -1
0 25.600000 17.813049 70.457512 1.000000 -1.000000 -1
0 24.563021 16.063700 78.089600 0.954545 -1.000000 -1
0 24.563021 5.199364 80.005264 0.954545 -0.500000 -1
0 21.536091 14.456070 85.103386 0.909091 -1.000000 -1
0 21.536091 6.350313 86.532616 0.909091 -0.500000 -1
0 16.764435 13.120404 90.930649 0.863636 -1.000000 -1
0 16.764435 7.306557 91.955750 0.863636 -0.500000 -1
0 10.634625 12.164907 95.099297 0.818182 -1.000000 -1
0 10.634625 7.990625 95.835289 0.818182 -0.500000 -1
0 3.643261 11.666990 97.271614 0.772727 -1.000000 -1
0 3.643261 8.347097 97.856949 0.772727 -0.500000 -1
0 -3.643260 11.666990 97.271614 0.727273 -1.000000 -1
0 -3.643260 8.347097 97.856949 0.727273 -0.500000 -1
0 -10.634624 12.164907 95.099297 0.681818 -1.000000 -1
0 -10.634624 7.990625 95.835289 0.681818 -0.500000 -1
0 -16.764433 13.120404 90.930649 0.636364 -1.000000 -1
0 -16.764433 7.306557 91.955750 0.636364 -0.500000 -1
0 -21.536093 14.456070 85.103386 0.590909 -1.000000 -1
0 -21.536093 6.350313 86.532616 0.590909 -0.500000 -1
0 -24.563021 16.063698 78.089607 0.545454 -1.000000 -1
0 -24.563021 5.199364 80.005264 0.545454 -0.500000 -1
0 -25.600000 17.813053 70.457512 0.500000 -1.000000 -1
0 -25.600000 3.946951 72.902489 0.500000 -0.500000 -1
0 -24.563021 19.562403 62.825428 0.454545 -1.000000 -1
0 -24.563021 2.694540 65.799706 0.454545 -0.500000 -1
0 -21.536093 21.170029 55.811657 0.409091 -1.000000 -1
0 -21.536093 1.543591 59.272346 0.409091 -0.500000 -1
0 -16.764435 22.505697 49.984390 0.363636 -1.000000 -1
0 -16.764435 0.587347 53.849220 0.363636 -0.500000 -1
0 -10.634626 23.461195 45.815742 0.318182 -1.000000 -1
0 -10.634626 -0.096721 49.969681 0.318182 -0.500000 -1
0 -3.643265 23.959112 43.643429 0.272727 -1.000000 -1
0 -3.643265 -0.453194 47.948017 0.272727 -0.500000 -1
0 3.643265 23.959112 43.643429 0.227272 -1.000000 -1
0 3.643265 -0.453194 47.948017 0.227272 -0.500000 -1
0 10.634627 23.461195 45.815742 0.181818 -1.000000 -1
0 10.634627 -0.096721 49.969681 0.181818 -0.500000 -1
0 16.764435 22.505697 49.984390 0.136363 -1.000000 -1
0 16.764435 0.587347 53.849220 0.136363 -0.500000 -1
0 21.536089 21.170031 55.811646 0.090909 -1.000000 -1
0 21.536089 1.543591 59.272346 0.090909 -0.500000 -1
0 24.563019 19.562401 62.825420 0.045454 -1.000000 -1
0 24.563019 2.694538 65.799698 0.045454 -0.500000 -1
0 25.600000 17.813049 70.457512 -0.000000 -1.000000 -1
0 25.600000 3.946951 72.902489 -0.000000 -0.500000 -1
44
0.999969 0.000000 0.000000
0.999329 -0.006287 -0.035676
0.968657 0.043123 0.244575
0.959471 0.048921 0.277444
0.857265 0.089389 0.507004
0.841243 0.093875 0.532426
0.672628 0.128483 0.728690
0.654836 0.131199 0.744255
0.429182 0.156804 0.889492
0.415387 0.157933 0.895810
0.147465 0.171728 0.974029
0.142308 0.171850 0.974761
-0.147465 0.171728 0.974029
-0.142308 0.171850 0.974761
-0.429182 0.156804 0.889492
-0.415387 0.157933 0.895810
-0.672628 0.128483 0.728690
-0.654836 0.131199 0.744255
-0.857265 0.089389 0.507004
-0.841243 0.093875 0.532426
-0.968657 0.043123 0.244575
-0.959471 0.048921 0.277444
-0.999329 -0.006287 -0.035676
-1.000000 0.000000 0.000000
-0.948943 -0.054750 -0.310556
-0.959471 -0.048921 -0.277444
-0.823786 -0.098422 -0.558245
-0.841243 -0.093875 -0.532426
-0.635670 -0.134037 -0.760216
-0.654836 -0.131230 -0.744255
-0.400555 -0.159093 -0.902341
-0.415387 -0.157933 -0.895810
-0.136723 -0.172002 -0.975555
-0.142308 -0.171880 -0.974761
0.136723 -0.172002 -0.975555
0.142308 -0.171880 -0.974761
0.400555 -0.159093 -0.902341
0.415387 -0.157933 -0.895810
0.635670 -0.134037 -0.760216
0.654836 -0.131230 -0.744255
0.823786 -0.098422 -0.558245
0.841243 -0.093875 -0.532426
0.948943 -0.054750 -0.310556
0.959471 -0.048921 -0.277444
44
0 0 1 2 0 1 2 1
0 0 2 3 0 2 3 1
0 3 2 4 3 2 4 2
0 3 4 5 3 4 5 2
0 5 4 6 5 4 6 3
0 5 6 7 5 6 7 3
0 7 6 8 7 6 8 4
0 7 8 9 7 8 9 4
0 9 8 10 9 8 10 5
0 9 10 11 9 10 11 5
0 11 10 12 11 10 12 6
0 11 12 13 11 12 13 6
0 13 12 14 13 12 14 7
0 13 14 15 13 14 15 7
0 15 14 16 15 14 16 8
0 15 16 17 15 16 17 8
0 17 16 18 17 16 18 9
0 17 18 19 17 18 19 9
0 19 18 20 19 18 20 10
0 19 20 21 19 20 21 10
0 21 20 22 21 20 22 11
0 21 22 23 21 22 23 11
0 23 22 24 23 22 24 12
0 23 24 25 23 24 25 12
0 25 24 26 25 24 26 13
0 25 26 27 25 26 27 13
0 27 26 28 27 26 28 14
0 27 28 29 27 28 29 14
0 29 28 30 29 28 30 15
0 29 30 31 29 30 31 15
0 31 30 32 31 30 32 16
0 31 32 33 31 32 33 16
0 33 32 34 33 32 34 17
0 33 34 35 33 34 35 17
0 35 34 36 35 34 36 18
0 35 36 37 35 36 37 18
0 37 36 38 37 36 38 19
0 37 38 39 37 38 39 19
0 39 38 40 39 38 40 20
0 39 40 41 39 40 41 20
0 41 40 42 41 40 42 21
0 41 42 43 41 42 43 21
0 43 42 44 43 42 1 22
0 43 44 45 43 1 0 22
Materials: 0
GroupComments: 0
MaterialComments: 0
BoneComments: 0
ModelComment: 0
