// MilkShape 3D ASCII
// Converted using ms3dascii-export Blender plugin
// https://github.com/mikex5/ms3dascii-blender-addon
Frames: 1
Frame: 1

Meshes: 1
"feverbar" 0 0
46
0 171.520889 6.447563 40.960003 0.050359 -0.962096 -1
0 171.520889 6.447563 29.440002 0.021949 -0.980350 -1
0 103.953308 8.960000 29.440002 0.018546 -0.793524 -1
0 103.953308 8.960000 40.960003 0.050698 -0.793388 -1
0 171.520004 0.000000 42.240002 0.066502 -0.965802 -1
0 171.520004 5.167133 42.240002 0.054856 -0.961787 -1
0 103.953308 7.679554 42.240002 0.055740 -0.793503 -1
0 103.953308 2.560000 42.240002 0.070184 -0.794029 -1
0 -103.406700 8.960000 40.960003 0.051065 -0.204888 -1
0 -103.406700 8.960000 29.440002 0.018139 -0.204679 -1
0 -171.520874 6.447189 29.440002 0.024477 -0.018252 -1
0 -171.520874 6.447189 40.960003 0.050809 -0.036421 -1
0 -172.800003 0.000000 29.440002 0.099359 -0.008772 -1
0 -103.406700 2.560000 29.440002 0.108218 -0.203686 -1
0 -103.406700 2.560000 42.240002 0.070432 -0.204265 -1
0 -171.520004 0.000000 42.240002 0.066583 -0.033054 -1
0 -103.406700 7.679555 42.240002 0.056079 -0.204779 -1
0 -171.520004 5.166760 42.240002 0.055211 -0.036798 -1
0 -34.286697 3.840000 42.240002 0.070843 -0.400781 -1
0 -34.286697 8.959579 42.240002 0.056263 -0.400904 -1
0 34.833309 10.240001 29.440002 0.018303 -0.597517 -1
0 34.833309 10.240001 40.960003 0.051105 -0.597482 -1
0 -34.286697 10.240001 29.440002 0.018268 -0.400895 -1
0 -34.286697 10.240001 40.960003 0.051112 -0.400938 -1
0 -34.286697 3.840000 29.440002 0.000033 -0.400711 -1
0 -103.406700 2.560000 29.440002 0.000319 -0.203892 -1
0 172.800003 5.167133 29.440002 0.018599 -0.984090 -1
0 172.800003 0.000000 29.440002 0.099870 -0.990969 -1
0 103.953308 2.560000 29.440002 0.108218 -0.794755 -1
0 103.953308 2.560000 29.440002 0.000639 -0.794199 -1
0 34.833309 3.840000 29.440002 0.000051 -0.597711 -1
0 34.833309 8.959579 42.240002 0.056257 -0.597519 -1
0 34.833309 3.840000 42.240002 0.070799 -0.597648 -1
0 -172.800003 5.166760 29.440002 0.021217 -0.014496 -1
0 -172.800003 0.000000 40.960003 0.066839 -0.027882 -1
0 -172.800003 5.120000 40.960003 0.053675 -0.032612 -1
0 -172.800003 5.166760 29.440002 0.027877 -0.013514 -1
0 -172.800003 0.000000 29.440002 0.040005 -0.000033 -1
0 172.800003 5.120000 40.960003 0.053218 -0.966079 -1
0 172.800003 5.167133 29.440002 0.025415 -0.985454 -1
0 -172.800003 0.000000 29.440002 0.007077 -0.013471 -1
0 172.800003 0.000000 40.960003 0.066723 -0.971134 -1
0 172.800003 0.000000 29.440002 0.037960 -0.999967 -1
0 -34.286697 3.840000 29.440002 0.107296 -0.400901 -1
0 34.833309 3.840000 29.440002 0.107237 -0.597581 -1
0 172.800003 0.000000 29.440002 0.004317 -0.984897 -1
36
0.362682 0.867489 0.340434
0.312693 0.707602 -0.633625
0.019715 0.708914 -0.705008
0.025666 0.923856 0.381848
0.284005 -0.638173 0.715567
0.350261 0.337535 0.873684
0.010743 0.384472 0.923063
-0.019745 -0.704947 0.708945
-0.025544 0.923826 0.381878
-0.019623 0.708884 -0.705039
-0.312571 0.707663 -0.633595
-0.362499 0.867550 0.340465
-0.567980 -0.588122 -0.575701
0.019623 -0.704398 -0.709494
0.019623 -0.704978 0.708914
-0.284127 -0.638112 0.715567
-0.010681 0.384442 0.923063
-0.350169 0.337565 0.873714
0.006500 -0.704978 0.709189
-0.003571 0.384503 0.923093
0.006561 0.709128 -0.705008
0.008515 0.924131 0.381939
-0.006561 0.709128 -0.705008
-0.008515 0.924131 0.381939
0.006500 -0.704978 -0.709189
0.719077 0.294565 -0.629353
0.567919 -0.588214 -0.575701
-0.019715 -0.704367 -0.709525
-0.006500 -0.704978 -0.709189
0.003571 0.384503 0.923093
-0.006500 -0.704978 0.709189
-0.719077 0.294595 -0.629353
-0.717277 -0.630238 0.297098
-0.878475 0.334422 0.341136
0.878506 0.334361 0.341136
0.717277 -0.630238 0.297098
68
0 0 1 2 0 1 2 1
0 0 2 3 0 2 3 1
0 4 5 6 4 5 6 2
0 4 6 7 4 6 7 2
0 8 9 10 8 9 10 3
0 8 10 11 8 10 11 3
0 12 13 14 12 13 14 4
0 12 14 15 12 14 15 4
0 14 16 17 14 16 17 5
0 14 17 15 14 17 15 5
0 18 19 16 18 19 16 6
0 18 16 14 18 16 14 6
0 3 2 20 3 2 20 7
0 3 20 21 3 20 21 7
0 21 20 22 21 20 22 8
0 21 22 23 21 22 23 8
0 24 25 9 24 13 9 9
0 24 9 22 24 9 22 9
0 1 26 2 1 25 2 10
0 27 4 7 26 4 7 11
0 27 7 28 26 7 27 11
0 23 22 9 23 22 9 12
0 23 9 8 23 9 8 12
0 20 2 29 20 2 27 13
0 20 29 30 20 27 28 13
0 7 6 31 7 6 29 14
0 7 31 32 7 29 30 14
0 32 31 19 30 29 19 15
0 32 19 18 30 19 18 15
0 33 10 9 31 10 9 16
0 34 35 36 32 33 31 17
0 34 36 37 32 31 12 17
0 1 0 38 1 0 34 18
0 1 38 39 1 34 25 18
0 11 35 17 11 33 17 19
0 0 5 38 0 5 34 20
0 9 25 40 9 13 12 21
0 9 40 33 9 12 31 21
0 20 30 24 20 28 24 22
0 20 24 22 20 24 22 22
0 41 42 39 35 26 25 23
0 41 39 38 35 25 34 23
0 5 4 41 5 4 35 24
0 5 41 38 5 35 34 24
0 8 11 17 8 11 17 25
0 8 17 16 8 17 16 25
0 35 34 15 33 32 15 26
0 35 15 17 33 15 17 26
0 36 35 11 31 33 11 27
0 36 11 10 31 11 10 27
0 43 44 32 24 28 30 28
0 43 32 18 24 30 18 28
0 13 43 18 13 24 18 29
0 13 18 14 13 18 14 29
0 41 4 27 35 4 26 30
0 26 45 29 25 26 27 31
0 26 29 2 25 27 2 31
0 0 3 6 0 3 6 32
0 0 6 5 0 6 5 32
0 3 21 31 3 21 29 33
0 3 31 6 3 29 6 33
0 21 23 19 21 23 19 34
0 21 19 31 21 19 29 34
0 23 8 16 23 8 16 35
0 23 16 19 23 16 19 35
0 44 28 7 28 27 7 36
0 44 7 32 28 7 30 36
0 34 12 15 32 12 15 37
Materials: 0
GroupComments: 0
MaterialComments: 0
BoneComments: 0
ModelComment: 0
