// MilkShape 3D ASCII
// Converted using ms3dascii-export Blender plugin
// https://github.com/mikex5/ms3dascii-blender-addon
Frames: 1
Frame: 1

Meshes: 1
"fevertube.001" 0 0
32
0 -169.984406 10.333992 38.337460 0.041656 0.485688 -1
0 -102.758400 12.846173 38.337460 0.041656 0.390500 -1
0 -102.758400 12.846171 32.318539 0.020844 0.390500 -1
0 -169.984406 10.333992 32.318539 0.020844 0.485688 -1
0 -102.758400 8.913836 30.458588 0.000033 0.390500 -1
0 -169.984390 6.401657 30.458588 0.000033 0.485688 -1
0 102.758400 8.913829 40.197407 0.062467 0.099500 -1
0 169.984390 6.401643 40.197407 0.062467 0.004312 -1
0 169.984406 10.333978 38.337460 0.041656 0.004312 -1
0 102.758400 12.846164 38.337460 0.041656 0.099500 -1
0 -169.984390 6.401659 40.197407 0.062467 0.485688 -1
0 -102.758400 8.913837 40.197407 0.062467 0.390500 -1
0 102.758400 12.846163 32.318539 0.020844 0.099500 -1
0 169.984406 10.333977 32.318539 0.020844 0.004312 -1
0 169.984390 6.401643 30.458588 0.000033 0.004312 -1
0 102.758400 8.913828 30.458588 0.000033 0.099500 -1
0 -34.252804 14.126169 32.318539 0.020844 0.293500 -1
0 -34.252804 10.193834 30.458588 0.000033 0.293500 -1
0 34.252804 14.126166 32.318539 0.020844 0.196500 -1
0 34.252804 10.193831 30.458588 0.000033 0.196500 -1
0 -34.252804 14.126169 38.337460 0.041656 0.293500 -1
0 34.252804 14.126166 38.337460 0.041656 0.196500 -1
0 171.263992 9.006160 37.526924 0.041200 0.002500 -1
0 171.263992 6.353826 38.781452 0.053389 0.002500 -1
0 171.263992 6.353825 31.874548 0.009111 0.002500 -1
0 171.263992 9.006160 33.129070 0.021300 0.002500 -1
0 -34.252804 10.193835 40.197407 0.062467 0.293500 -1
0 34.252804 10.193831 40.197407 0.062467 0.196500 -1
0 -171.263992 9.006175 37.526924 0.041200 0.487500 -1
0 -171.263992 6.353841 38.781452 0.053389 0.487500 -1
0 -171.263992 9.006175 33.129070 0.021300 0.487500 -1
0 -171.263992 6.353840 31.874548 0.009111 0.487500 -1
32
-0.393353 0.774987 0.494583
-0.023652 0.845454 0.533494
-0.023652 0.845454 -0.533494
-0.393353 0.774987 -0.494583
-0.012024 0.427534 -0.903897
-0.357952 0.399213 -0.844050
0.012024 0.427534 0.903897
0.357952 0.399213 0.844081
0.393353 0.774987 0.494583
0.023652 0.845454 0.533494
-0.357952 0.399213 0.844081
-0.012024 0.427534 0.903897
0.023652 0.845454 -0.533494
0.393353 0.774987 -0.494583
0.357952 0.399213 -0.844050
0.012024 0.427534 -0.903897
-0.007874 0.845729 -0.533525
-0.003998 0.427564 -0.903958
0.007874 0.845729 -0.533525
0.003998 0.427564 -0.903958
-0.007874 0.845729 0.533525
0.007874 0.845729 0.533525
0.900449 0.365764 0.235267
0.882565 0.200995 0.425001
0.882565 0.200995 -0.425001
0.900449 0.365764 -0.235267
-0.003998 0.427564 0.903958
0.003998 0.427564 0.903958
-0.900449 0.365764 0.235267
-0.882565 0.200995 0.425001
-0.900449 0.365764 -0.235267
-0.882565 0.200995 -0.425001
46
0 0 1 2 0 1 2 1
0 0 2 3 0 2 3 1
0 3 2 4 3 2 4 2
0 3 4 5 3 4 5 2
0 6 7 8 6 7 8 3
0 6 8 9 6 8 9 3
0 10 11 1 10 11 1 4
0 10 1 0 10 1 0 4
0 12 13 14 12 13 14 5
0 12 14 15 12 14 15 5
0 2 16 17 2 16 17 6
0 2 17 4 2 17 4 6
0 16 18 19 16 18 19 7
0 16 19 17 16 19 17 7
0 18 12 15 18 12 15 8
0 18 15 19 18 15 19 8
0 9 8 13 9 8 13 9
0 9 13 12 9 13 12 9
0 1 20 16 1 20 16 10
0 1 16 2 1 16 2 10
0 20 21 18 20 21 18 11
0 20 18 16 20 18 16 11
0 21 9 12 21 9 12 12
0 21 12 18 21 12 18 12
0 22 23 24 22 23 24 13
0 22 24 25 22 24 25 13
0 11 26 20 11 26 20 14
0 11 20 1 11 20 1 14
0 26 27 21 26 27 21 15
0 26 21 20 26 21 20 15
0 27 6 9 27 6 9 16
0 27 9 21 27 9 21 16
0 10 0 28 10 0 28 17
0 10 28 29 10 28 29 17
0 8 7 23 8 7 23 18
0 8 23 22 8 23 22 18
0 0 3 30 0 3 30 19
0 0 30 28 0 30 28 19
0 13 8 22 13 8 22 20
0 13 22 25 13 22 25 20
0 3 5 31 3 5 31 21
0 3 31 30 3 31 30 21
0 14 13 25 14 13 25 22
0 14 25 24 14 25 24 22
0 31 29 28 31 29 28 23
0 31 28 30 31 28 30 23
Materials: 1
"mat00"
0.200000 0.200000 0.200000 1.000000
1.000000 1.000000 1.000000 1.000000
0.000000 0.000000 0.000000 1.000000
0.000000 0.000000 0.000000 1.000000
0.000000
1.000000
"materials\fevermeteranim.ini"
""
GroupComments: 0
MaterialComments: 0
BoneComments: 0
ModelComment: 0
