// MilkShape 3D ASCII
// Converted using ms3dascii-export Blender plugin
// https://github.com/mikex5/ms3dascii-blender-addon
Frames: 1
Frame: 1

Meshes: 1
"footpedal.001" 0 0
64
0 24.320002 1.280000 9.920000 1.000000 -0.833333 -1
0 24.320002 1.280000 14.400001 1.000000 -1.000000 -1
0 23.491316 -0.045154 14.400001 0.958333 -1.000000 -1
0 23.491316 -0.045154 9.920000 0.958333 -0.833333 -1
0 6.294479 6.225541 9.920001 0.208333 -0.833333 -1
0 6.294479 6.225540 14.400002 0.208333 -1.000000 -1
0 12.159999 5.714050 14.400002 0.166666 -1.000000 -1
0 12.159999 5.714051 9.920001 0.166666 -0.833333 -1
0 17.196836 4.900387 14.400002 0.125000 -1.000000 -1
0 17.196836 4.900388 9.920001 0.125000 -0.833333 -1
0 21.061737 3.840001 14.400001 0.083333 -1.000000 -1
0 21.061737 3.840001 9.920000 0.083333 -0.833333 -1
0 23.491318 2.605153 14.400001 0.041666 -1.000000 -1
0 23.491318 2.605153 9.920000 0.041666 -0.833333 -1
0 24.320002 1.280000 14.400001 -0.000000 -1.000000 -1
0 24.320002 1.280000 9.920000 -0.000000 -0.833333 -1
0 0.000000 0.000000 14.400002 0.000000 -0.000000 -1
0 0.000000 0.000000 9.920001 0.000000 -0.000000 -1
0 0.486400 6.378892 9.920001 0.244958 -0.833333 -1
0 0.486400 6.388774 14.400002 0.247319 -1.000000 -1
0 0.000000 5.888000 14.400002 0.000000 -0.000000 -1
0 0.000000 5.888000 9.920001 0.250000 -0.833333 -1
0 23.491316 -0.045153 -14.400001 0.958333 -0.500000 -1
0 23.491316 -0.045154 -9.920000 0.958333 -0.666667 -1
0 0.000000 0.000000 -9.919998 0.000000 -0.000000 -1
0 0.000000 0.000000 -14.399999 0.000000 -0.000000 -1
0 23.491318 2.605153 -14.400001 0.041666 -0.500000 -1
0 23.491318 2.605153 -9.920000 0.041666 -0.666667 -1
0 24.320002 1.280000 -9.920000 -0.000000 -0.666667 -1
0 24.320002 1.280000 -14.400001 -0.000000 -0.500000 -1
0 23.287191 1.341534 9.920000 0.041666 -0.833333 -1
0 21.061737 3.840001 -14.400001 0.083333 -0.500000 -1
0 21.061737 3.840001 -9.920000 0.083333 -0.666667 -1
0 6.294479 6.225541 -9.919998 0.208333 -0.666667 -1
0 0.486400 6.382398 -9.919998 0.245795 -0.666667 -1
0 0.000000 5.888000 -9.919998 0.250000 -0.666667 -1
0 0.000000 5.136383 -9.919998 0.250000 -0.666667 -1
0 6.090351 4.961922 -9.919998 0.208333 -0.666667 -1
0 17.196836 4.900388 -14.399999 0.125000 -0.500000 -1
0 17.196836 4.900388 -9.919998 0.125000 -0.666667 -1
0 20.857611 2.576383 9.920000 0.083333 -0.833333 -1
0 12.159999 5.714051 -14.399999 0.166666 -0.500000 -1
0 12.159999 5.714051 -9.919998 0.166666 -0.666667 -1
0 11.955871 4.450433 -9.919998 0.166666 -0.666667 -1
0 16.992708 3.636770 -9.919998 0.125000 -0.666667 -1
0 6.294479 6.225541 -14.399999 0.208333 -0.500000 -1
0 11.955871 4.450433 9.920001 0.166666 -0.833333 -1
0 6.090351 4.961922 9.920001 0.208333 -0.833333 -1
0 20.857611 2.576383 -9.920000 0.083333 -0.666667 -1
0 23.287191 1.341534 -9.920000 0.041666 -0.666667 -1
0 24.320002 1.280000 -14.400001 1.000000 -0.500000 -1
0 24.320002 1.280000 -9.920000 1.000000 -0.666667 -1
0 16.992708 3.636769 9.920001 0.125000 -0.833333 -1
0 1.280000 5.136383 -9.919998 0.250000 -0.666667 -1
0 1.280000 5.136382 9.920001 0.250000 -0.833333 -1
0 0.000000 5.888000 -14.400001 0.000000 -0.000000 -1
0 0.000000 5.136382 9.920001 0.000000 -0.000000 -1
0 1.280000 5.136382 9.920001 0.000000 -0.000000 -1
0 1.280000 0.000000 9.920001 0.000000 -0.000000 -1
0 1.280000 0.000000 -9.919998 0.000000 -0.000000 -1
0 0.000000 5.136383 -9.919998 0.000000 -0.000000 -1
0 1.280000 5.136383 -9.919998 0.000000 -0.000000 -1
0 0.486400 6.378936 -14.400001 0.000000 -0.000000 -1
0 0.000000 5.136382 9.920001 0.250000 -0.833333 -1
48
0.959319 0.172460 -0.223457
0.796228 0.000000 0.604968
0.382458 -0.691824 0.612415
0.483779 -0.875179 0.000000
0.040712 0.712424 -0.700522
0.040742 0.712638 0.700339
0.088137 0.709677 0.698965
0.088137 0.709677 -0.698935
0.152623 0.702414 0.695181
0.152623 0.702414 -0.695181
0.262734 0.679434 0.685049
0.262734 0.679434 -0.685049
0.512101 0.559648 0.651540
0.512101 0.559648 -0.651540
-0.577837 -0.576739 0.577441
-0.578082 -0.576952 -0.576952
-0.291452 0.721122 -0.628468
-0.291879 0.723106 0.625996
-0.717643 0.293222 0.631642
-0.718558 0.293588 -0.630421
0.382458 -0.691824 -0.612415
-0.578082 -0.576952 0.576952
-0.577837 -0.576739 -0.577441
0.959319 0.172460 0.223457
0.796228 0.000000 -0.604968
0.195746 0.721671 -0.663930
0.040529 0.712638 0.700339
-0.290689 0.722617 0.627094
-0.717643 0.294565 0.631001
0.000000 0.000000 1.000000
0.043123 0.699118 0.713675
0.246284 0.636860 -0.730552
0.088137 0.709677 -0.698965
0.086093 0.693350 0.715415
0.147465 0.678732 0.719413
0.040529 0.712546 -0.700400
0.086093 0.693350 -0.715415
0.043123 0.699118 -0.713675
0.246284 0.636860 0.730552
0.195746 0.721671 0.663930
0.147465 0.678732 -0.719413
-0.563250 0.584063 0.584429
-0.563250 0.584063 -0.584429
-0.717978 0.294687 -0.630573
0.000000 0.000000 -1.000000
-0.578112 -0.576952 -0.576952
-0.578112 -0.576952 0.576952
-0.290536 0.721946 -0.627979
102
0 0 1 2 0 1 2 1
0 0 2 3 0 2 3 1
0 4 5 6 4 5 6 2
0 4 6 7 4 6 7 2
0 7 6 8 7 6 8 3
0 7 8 9 7 8 9 3
0 9 8 10 9 8 10 4
0 9 10 11 9 10 11 4
0 11 10 12 11 10 12 5
0 11 12 13 11 12 13 5
0 13 12 14 13 12 1 6
0 13 14 15 13 1 0 6
0 3 2 16 3 2 14 7
0 3 16 17 3 14 15 7
0 5 4 18 5 4 16 8
0 5 18 19 5 16 17 8
0 20 19 18 18 17 16 9
0 20 18 21 18 16 19 9
0 20 21 17 18 19 15 10
0 20 17 16 18 15 14 10
0 22 23 24 20 3 21 11
0 22 24 25 20 21 22 11
0 26 27 28 13 12 23 12
0 26 28 29 13 23 24 12
0 15 30 13 0 25 13 13
0 31 32 27 11 10 12 14
0 31 27 26 11 12 13 14
0 33 34 35 26 27 28 15
0 33 35 36 26 28 29 15
0 33 36 37 26 29 30 15
0 38 39 32 9 8 10 16
0 38 32 31 9 10 11 16
0 11 13 30 11 13 25 17
0 11 30 40 11 25 31 17
0 41 42 39 32 6 8 18
0 41 39 38 32 8 9 18
0 39 42 43 8 6 33 19
0 39 43 44 8 33 34 19
0 45 33 42 35 26 6 20
0 45 42 41 35 6 32 20
0 4 7 46 4 7 36 21
0 4 46 47 4 36 37 21
0 27 32 48 12 10 38 22
0 27 48 49 12 38 39 22
0 50 51 23 24 23 3 23
0 50 23 22 24 3 20 23
0 51 0 3 23 0 3 24
0 51 3 23 23 3 3 24
0 48 40 30 38 31 25 25
0 48 30 49 38 25 39 25
0 44 52 40 34 40 31 26
0 44 40 48 34 31 38 26
0 43 46 52 33 36 40 27
0 43 52 44 33 40 34 27
0 37 47 46 30 37 36 28
0 37 46 43 30 36 33 28
0 53 54 47 41 42 37 29
0 53 47 37 41 37 30 29
0 51 49 30 23 39 25 30
0 51 30 0 23 25 0 30
0 49 51 27 39 23 12 31
0 7 9 52 7 9 40 32
0 7 52 46 7 40 36 32
0 32 39 44 10 8 34 33
0 32 44 48 10 34 38 33
0 24 35 55 21 28 43 34
0 24 55 25 21 43 22 34
0 42 33 37 6 26 30 35
0 42 37 43 6 30 33 35
0 9 11 40 9 11 31 36
0 9 40 52 9 31 40 36
0 17 56 57 15 44 42 37
0 17 57 58 15 42 45 37
0 59 58 54 46 45 42 38
0 59 54 53 46 42 41 38
0 23 3 58 3 3 45 39
0 23 58 59 3 45 46 39
0 60 24 59 29 21 46 40
0 60 59 61 29 46 41 40
0 35 34 62 28 27 47 41
0 35 62 55 28 47 43 41
0 45 62 34 35 47 27 42
0 45 34 33 35 27 26 42
0 21 18 4 19 16 4 43
0 21 4 47 19 4 37 43
0 21 47 63 19 37 44 43
0 2 14 12 2 1 12 44
0 2 12 10 2 12 10 44
0 2 10 8 2 10 8 44
0 2 8 6 2 8 6 44
0 2 6 5 2 6 5 44
0 2 5 19 2 5 17 44
0 2 19 20 2 17 18 44
0 2 20 16 2 18 14 44
0 29 22 25 24 20 22 45
0 29 25 55 24 22 43 45
0 29 55 62 24 43 47 45
0 29 62 45 24 47 35 45
0 29 45 41 24 35 32 45
0 29 41 38 24 32 9 45
0 29 38 31 24 9 11 45
0 29 31 26 24 11 13 45
Materials: 0
GroupComments: 0
MaterialComments: 0
BoneComments: 0
ModelComment: 0
