// MilkShape 3D ASCII
// Converted using ms3dascii-export Blender plugin
// https://github.com/mikex5/ms3dascii-blender-addon
Frames: 1
Frame: 1

Meshes: 1
"glasstube" 0 1
42
0 24.320000 25.600000 0.000000    0.500000 0.000000 -1
0 -24.320000 25.600000 0.000000   0.500000 1.000000 -1
0 -24.320000 25.163849 3.312884   0.458333 1.000000 -1
0 24.320000 25.163853 3.312884    0.458333 0.000000 -1
0 -24.320000 23.885124 6.400000   0.416667 1.000000 -1
0 24.320000 23.885126 6.400000    0.416667 0.000000 -1
0 -24.320000 21.850965 9.050967   0.375000 1.000000 -1
0 24.320000 21.850967 9.050967    0.375000 0.000000 -1
0 -24.320000 19.199999 11.085126  0.333333 1.000000 -1
0 24.320000 19.200001 11.085126   0.333333 0.000000 -1
0 -24.320000 16.112883 12.363851  0.291667 1.000000 -1
0 24.320000 16.112885 12.363851   0.291667 0.000000 -1
0 -24.320000 12.799998 12.800000  0.250000 1.000000 -1
0 24.320000 12.800000 12.800000   0.250000 0.000000 -1
0 -24.320000 9.487116 12.363851   0.208333 1.000000 -1
0 24.320000 9.487117 12.363851    0.208333 0.000000 -1
0 -24.320000 6.399999 11.085125   0.166667 1.000000 -1
0 24.320000 6.400000 11.085125    0.166667 0.000000 -1
0 -24.320000 6.400000 -11.085126  0.833333 1.000000 -1
0 24.320000 6.400002 -11.085126   0.833333 0.000000 -1
0 24.320000 1.714876 -6.400000    0.916667 0.000000 -1
0 -24.320000 1.714874 -6.400000   0.916667 1.000000 -1
0 24.320000 0.000001 -0.000001    1.000000 0.000000 -1
0 -24.320000 -0.000002 -0.000001  1.000000 1.000000 -1
0 24.320000 1.714876 6.400001     0.083333 0.000000 -1
0 -24.320000 1.714874 6.400001    0.083333 1.000000 -1
0 -24.320000 9.487116 -12.363852  0.791667 1.000000 -1
0 24.320000 9.487119 -12.363852   0.791667 0.000000 -1
0 -24.320000 12.799999 -12.800000 0.750000 1.000000 -1
0 24.320000 12.800002 -12.800000  0.750000 0.000000 -1
0 -24.320000 16.112883 -12.363851 0.708333 1.000000 -1
0 24.320000 16.112885 -12.363851  0.708333 0.000000 -1
0 -24.320000 19.199997 -11.085126 0.666666 1.000000 -1
0 24.320000 19.200001 -11.085126  0.666666 0.000000 -1
0 -24.320000 21.850965 -9.050968  0.625000 1.000000 -1
0 24.320000 21.850967 -9.050968   0.625000 0.000000 -1
0 -24.320000 23.885122 -6.400002  0.583333 1.000000 -1
0 24.320000 23.885126 -6.400002   0.583333 0.000000 -1
0 -24.320000 25.163851 -3.312881  0.541666 1.000000 -1
0 24.320000 25.163853 -3.312881   0.541666 0.000000 -1
0 24.320000 0.000001 -0.000001    0.000000 0.000000 -1
0 -24.320000 -0.000002 -0.000001  0.000000 1.000000 -1
20
0.000000 1.000000 0.000000
0.000000 0.965911 0.258797
0.000000 0.866024 0.499985
0.000000 0.707083 0.707083
0.000000 0.499985 0.866024
0.000000 0.258797 0.965911
0.000000 0.000000 1.000000
0.000000 -0.258797 0.965911
0.000000 -0.555559 0.831446
0.000000 -0.555559 -0.831446
0.000000 -0.866024 -0.499985
0.000000 -0.999969 0.000000
0.000000 -0.866024 0.499985
0.000000 -0.258797 -0.965911
0.000000 0.000000 -1.000000
0.000000 0.258797 -0.965911
0.000000 0.499985 -0.866024
0.000000 0.707083 -0.707083
0.000000 0.866024 -0.499985
0.000000 0.965911 -0.258797
40
0 0 1 2 0 0 1 1
0 0 2 3 0 1 1 1
0 3 2 4 1 1 2 2
0 3 4 5 1 2 2 2
0 5 4 6 2 2 3 3
0 5 6 7 2 3 3 3
0 7 6 8 3 3 4 4
0 7 8 9 3 4 4 4
0 9 8 10 4 4 5 5
0 9 10 11 4 5 5 5
0 11 10 12 5 5 6 6
0 11 12 13 5 6 6 6
0 13 12 14 6 6 7 7
0 13 14 15 6 7 7 7
0 15 14 16 7 7 8 8
0 15 16 17 7 8 8 8
0 18 19 20 9 9 10 9
0 18 20 21 9 10 10 9
0 22 23 21 11 11 10 10
0 22 21 20 11 10 10 10
0 24 25 41 12 12 11 11
0 24 41 40 12 11 11 11
0 17 16 25 8 8 12 12
0 17 25 24 8 12 12 12
0 19 18 26 9 9 13 13
0 19 26 27 9 13 13 13
0 27 26 28 13 13 14 14
0 27 28 29 13 14 14 14
0 29 28 30 14 14 15 15
0 29 30 31 14 15 15 15
0 31 30 32 15 15 16 16
0 31 32 33 15 16 16 16
0 33 32 34 16 16 17 17
0 33 34 35 16 17 17 17
0 35 34 36 17 17 18 18
0 35 36 37 17 18 18 18
0 37 36 38 18 18 19 19
0 37 38 39 18 19 19 19
0 39 38 1 19 19 0 20
0 39 1 0 19 0 0 20
Materials: 0
GroupComments: 0
MaterialComments: 0
BoneComments: 0
ModelComment: 0
