// MilkShape 3D ASCII
// Converted using ms3dascii-export Blender plugin
// https://github.com/mikex5/ms3dascii-blender-addon
Frames: 1
Frame: 1

Meshes: 1
"lightring" 0 3
42
0 3.200000 1.714875 6.400001 0.000000 -0.000000 -1
0 -3.200000 1.714875 6.400001 0.000000 -0.000000 -1
0 -3.200000 0.000000 -0.000001 0.000000 -0.000000 -1
0 3.200000 0.000000 -0.000001 0.000000 -0.000000 -1
0 3.200000 1.714875 -6.400000 0.000000 -0.000000 -1
0 -3.200000 1.714875 -6.400000 0.000000 -0.000000 -1
0 -3.200000 6.400002 -11.085126 0.333333 -0.750000 -1
0 3.200000 6.400002 -11.085126 0.333333 -0.500000 -1
0 3.200000 25.163853 -3.312881 0.041666 -0.500000 -1
0 -3.200000 25.163853 -3.312881 0.041666 -0.750000 -1
0 -3.200000 25.600000 0.000000 -0.000000 -0.750000 -1
0 3.200000 25.600000 0.000000 -0.000000 -0.500000 -1
0 3.200000 23.885124 -6.400002 0.083333 -0.500000 -1
0 -3.200000 23.885124 -6.400002 0.083333 -0.750000 -1
0 3.200000 21.850965 -9.050968 0.125000 -0.500000 -1
0 -3.200000 21.850965 -9.050968 0.125000 -0.750000 -1
0 3.200000 19.199999 -11.085126 0.166666 -0.500000 -1
0 -3.200000 19.199999 -11.085126 0.166666 -0.750000 -1
0 3.200000 16.112883 -12.363851 0.208333 -0.500000 -1
0 -3.200000 16.112883 -12.363851 0.208333 -0.750000 -1
0 3.200000 12.800000 -12.800000 0.250000 -0.500000 -1
0 -3.200000 12.800000 -12.800000 0.250000 -0.750000 -1
0 3.200000 9.487117 -12.363852 0.291667 -0.500000 -1
0 -3.200000 9.487117 -12.363852 0.291667 -0.750000 -1
0 3.200000 6.399999 11.085125 0.666667 -0.500000 -1
0 -3.200000 6.399999 11.085125 0.666667 -0.750000 -1
0 3.200000 9.487117 12.363851 0.708333 -0.500000 -1
0 -3.200000 9.487117 12.363851 0.708333 -0.750000 -1
0 3.200000 12.799999 12.800000 0.750000 -0.500000 -1
0 -3.200000 12.799999 12.800000 0.750000 -0.750000 -1
0 3.200000 16.112885 12.363851 0.791667 -0.500000 -1
0 -3.200000 16.112885 12.363851 0.791667 -0.750000 -1
0 3.200000 19.200001 11.085126 0.833333 -0.500000 -1
0 -3.200000 19.200001 11.085126 0.833333 -0.750000 -1
0 3.200000 21.850967 9.050967 0.875000 -0.500000 -1
0 -3.200000 21.850967 9.050967 0.875000 -0.750000 -1
0 3.200000 23.885126 6.400000 0.916667 -0.500000 -1
0 -3.200000 23.885126 6.400000 0.916667 -0.750000 -1
0 3.200000 25.163851 3.312884 0.958333 -0.500000 -1
0 -3.200000 25.163851 3.312884 0.958333 -0.750000 -1
0 3.200000 25.600000 0.000000 1.000000 -0.500000 -1
0 -3.200000 25.600000 0.000000 1.000000 -0.750000 -1
20
0.000000 -0.866024 0.499985
0.000000 -1.000000 0.000000
0.000000 -0.866024 -0.499985
0.000000 -0.555559 -0.831446
0.000000 0.965911 -0.258797
0.000000 1.000000 0.000000
0.000000 0.866024 -0.499985
0.000000 0.707083 -0.707083
0.000000 0.499985 -0.866024
0.000000 0.258797 -0.965911
0.000000 0.000000 -1.000000
0.000000 -0.258797 -0.965911
0.000000 -0.555559 0.831446
0.000000 -0.258797 0.965911
0.000000 0.000000 1.000000
0.000000 0.258797 0.965911
0.000000 0.499985 0.866024
0.000000 0.707083 0.707083
0.000000 0.866024 0.499985
0.000000 0.965911 0.258797
40
0 0 1 2 0 0 1 1
0 0 2 3 0 1 1 1
0 4 5 6 2 2 3 2
0 4 6 7 2 3 3 2
0 8 9 10 4 4 5 3
0 8 10 11 4 5 5 3
0 12 13 9 6 6 4 4
0 12 9 8 6 4 4 4
0 14 15 13 7 7 6 5
0 14 13 12 7 6 6 5
0 16 17 15 8 8 7 6
0 16 15 14 8 7 7 6
0 18 19 17 9 9 8 7
0 18 17 16 9 8 8 7
0 20 21 19 10 10 9 8
0 20 19 18 10 9 9 8
0 22 23 21 11 11 10 9
0 22 21 20 11 10 10 9
0 7 6 23 3 3 11 10
0 7 23 22 3 11 11 10
0 3 2 5 1 1 2 11
0 3 5 4 1 2 2 11
0 24 25 1 12 12 0 12
0 24 1 0 12 0 0 12
0 26 27 25 13 13 12 13
0 26 25 24 13 12 12 13
0 28 29 27 14 14 13 14
0 28 27 26 14 13 13 14
0 30 31 29 15 15 14 15
0 30 29 28 15 14 14 15
0 32 33 31 16 16 15 16
0 32 31 30 16 15 15 16
0 34 35 33 17 17 16 17
0 34 33 32 17 16 16 17
0 36 37 35 18 18 17 18
0 36 35 34 18 17 17 18
0 38 39 37 19 19 18 19
0 38 37 36 19 18 18 19
0 40 41 39 5 5 19 20
0 40 39 38 5 19 19 20
Materials: 0
GroupComments: 0
MaterialComments: 0
BoneComments: 0
ModelComment: 0
