// MilkShape 3D ASCII
// Converted using ms3dascii-export Blender plugin
// https://github.com/mikex5/ms3dascii-blender-addon
Frames: 1
Frame: 1

Meshes: 1
"minimetal" 0 0
42
0 7.090495 3.576207 13.955691 1.000000 -0.500000 -1
0 7.090495 3.576207 17.027693 1.000000 -1.000000 -1
0 11.253617 2.819354 17.027693 0.900000 -1.000000 -1
0 11.253616 2.819354 13.955691 0.900000 -0.500000 -1
0 13.758389 1.572303 17.027693 0.800000 -1.000000 -1
0 13.758389 1.572303 13.955691 0.800000 -0.500000 -1
0 13.648073 0.311385 17.027693 0.700000 -1.000000 -1
0 13.648073 0.311386 13.955691 0.700000 -0.500000 -1
0 10.964807 -0.481771 17.027693 0.600000 -1.000000 -1
0 10.964806 -0.481771 13.955691 0.600000 -0.500000 -1
0 6.733504 -0.504207 17.027693 0.500000 -1.000000 -1
0 6.733504 -0.504207 13.955691 0.500000 -0.500000 -1
0 2.570382 0.252646 17.027693 0.400000 -1.000000 -1
0 2.570381 0.252646 13.955691 0.400000 -0.500000 -1
0 0.065610 1.499697 17.027693 0.300000 -1.000000 -1
0 0.065610 1.499697 13.955691 0.300000 -0.500000 -1
0 0.175926 2.760614 17.027693 0.200000 -1.000000 -1
0 0.175926 2.760615 13.955691 0.200000 -0.500000 -1
0 11.253617 2.819354 17.027693 0.391068 -0.444164 -1
0 7.090495 3.576207 17.027693 0.250000 -0.490000 -1
0 2.859193 3.553771 17.027693 0.108932 -0.444164 -1
0 0.175926 2.760614 17.027693 0.021746 -0.324164 -1
0 0.065610 1.499697 17.027693 0.021746 -0.175836 -1
0 2.570382 0.252646 17.027693 0.108932 -0.055836 -1
0 6.733504 -0.504207 17.027693 0.250000 -0.010000 -1
0 10.964807 -0.481771 17.027693 0.391068 -0.055836 -1
0 13.648073 0.311385 17.027693 0.478254 -0.175836 -1
0 13.758389 1.572303 17.027693 0.478254 -0.324164 -1
0 2.859193 3.553771 17.027693 0.100000 -1.000000 -1
0 2.859192 3.553771 13.955691 0.100000 -0.500000 -1
0 7.090495 3.576207 17.027693 -0.000000 -1.000000 -1
0 7.090495 3.576207 13.955691 -0.000000 -0.500000 -1
0 7.090495 3.576207 13.955691 0.750000 -0.490000 -1
0 11.253616 2.819354 13.955691 0.891068 -0.444164 -1
0 13.758389 1.572303 13.955691 0.978254 -0.324164 -1
0 13.648073 0.311386 13.955691 0.978254 -0.175836 -1
0 10.964806 -0.481771 13.955691 0.891068 -0.055836 -1
0 6.733504 -0.504207 13.955691 0.750000 -0.010000 -1
0 2.570381 0.252646 13.955691 0.608932 -0.055836 -1
0 0.065610 1.499697 13.955691 0.521746 -0.175836 -1
0 0.175926 2.760615 13.955691 0.521746 -0.324164 -1
0 2.859192 3.553771 13.955691 0.608932 -0.444164 -1
20
0.063326 0.723991 -0.686880
0.063326 0.723991 0.686880
0.232185 0.698569 0.676778
0.232185 0.698569 -0.676778
0.698111 0.391217 0.599628
0.698111 0.391217 -0.599628
0.619556 -0.506485 0.599628
0.619556 -0.506485 -0.599628
0.107334 -0.728294 0.676778
0.107334 -0.728294 -0.676778
-0.063326 -0.723991 0.686880
-0.063326 -0.723991 -0.686880
-0.232185 -0.698569 0.676778
-0.232185 -0.698569 -0.676778
-0.698111 -0.391217 0.599628
-0.698111 -0.391217 -0.599628
-0.619556 0.506485 0.599628
-0.619556 0.506485 -0.599628
-0.107334 0.728294 0.676778
-0.107334 0.728294 -0.676778
36
0 0 1 2 0 1 2 1
0 0 2 3 0 2 3 1
0 3 2 4 3 2 4 2
0 3 4 5 3 4 5 2
0 5 4 6 5 4 6 3
0 5 6 7 5 6 7 3
0 7 6 8 7 6 8 4
0 7 8 9 7 8 9 4
0 9 8 10 9 8 10 5
0 9 10 11 9 10 11 5
0 11 10 12 11 10 12 6
0 11 12 13 11 12 13 6
0 13 12 14 13 12 14 7
0 13 14 15 13 14 15 7
0 15 14 16 15 14 16 8
0 15 16 17 15 16 17 8
0 18 19 20 2 1 18 9
0 18 20 21 2 18 16 9
0 18 21 22 2 16 14 9
0 18 22 23 2 14 12 9
0 18 23 24 2 12 10 9
0 18 24 25 2 10 8 9
0 18 25 26 2 8 6 9
0 18 26 27 2 6 4 9
0 17 16 28 17 16 18 10
0 17 28 29 17 18 19 10
0 29 28 30 19 18 1 11
0 29 30 31 19 1 0 11
0 32 33 34 0 3 5 12
0 32 34 35 0 5 7 12
0 32 35 36 0 7 9 12
0 32 36 37 0 9 11 12
0 32 37 38 0 11 13 12
0 32 38 39 0 13 15 12
0 32 39 40 0 15 17 12
0 32 40 41 0 17 19 12
Materials: 0
GroupComments: 0
MaterialComments: 0
BoneComments: 0
ModelComment: 0
