// MilkShape 3D ASCII
// Converted using ms3dascii-export Blender plugin
// https://github.com/mikex5/ms3dascii-blender-addon
Frames: 1
Frame: 1

Meshes: 1
"Plane.009" 0 0
12
0 -3.200001 1.764076 11.439191 0.826093 -0.009046 -1
0 -3.200001 -0.000003 17.591276 1.000954 -0.009046 -1
0 3.199999 -0.000003 17.591276 1.000954 -0.372861 -1
0 3.199999 1.764076 11.439191 0.826093 -0.372861 -1
0 -3.200001 2.921982 3.200160 0.591914 -0.009046 -1
0 3.199999 2.921982 3.200160 0.591914 -0.372861 -1
0 3.199999 1.764062 -11.439364 0.175815 -0.372861 -1
0 -3.200001 1.764062 -11.439364 0.175815 -0.009046 -1
0 -3.200001 2.921982 -3.199823 0.410007 -0.009046 -1
0 3.199999 2.921982 -3.199824 0.410007 -0.372861 -1
0 -3.200001 0.000000 -17.591438 0.000954 -0.009046 -1
0 3.199999 0.000000 -17.591438 0.000954 -0.372861 -1
6
0.000000 0.978118 0.207892
0.000000 0.961241 0.275613
0.000000 0.997559 0.069735
0.000000 0.978149 -0.207892
0.000000 0.997559 -0.069735
0.000000 0.961241 -0.275613
10
0 0 1 2 0 1 1 1
0 0 2 3 0 1 0 1
0 4 0 3 2 0 0 2
0 4 3 5 2 0 2 2
0 6 7 8 3 3 4 3
0 6 8 9 3 4 4 3
0 5 9 8 2 4 4 4
0 5 8 4 2 4 2 4
0 10 7 6 5 3 3 5
0 10 6 11 5 3 5 5
Materials: 1
"mat00"
0.200000 0.200000 0.200000 1.000000
1.000000 1.000000 1.000000 1.000000
0.000000 0.000000 0.000000 1.000000
0.000000 0.000000 0.000000 1.000000
0.000000
1.000000
"materials\bezel.png"
""
GroupComments: 0
MaterialComments: 0
BoneComments: 0
ModelComment: 0
