// MilkShape 3D ASCII
// Converted using ms3dascii-export Blender plugin
// https://github.com/mikex5/ms3dascii-blender-addon
Frames: 1
Frame: 1

Meshes: 1
"endcap" 0 2
63
0 -28.160002 25.600000 0.000000 1.000000 -0.750000 -1
0 -32.000000 24.639999 -0.000000 1.000000 -1.000000 -1
0 -32.000000 24.236563 3.064417 0.958333 -1.000000 -1
0 -28.160002 25.163851 3.312884 0.958333 -0.750000 -1
0 -32.000000 23.053741 5.920000 0.916667 -1.000000 -1
0 -28.160002 23.885126 6.400000 0.916667 -0.750000 -1
0 -32.000000 21.172146 8.372145 0.875000 -1.000000 -1
0 -28.160002 21.850967 9.050967 0.875000 -0.750000 -1
0 -32.000000 18.719999 10.253741 0.833333 -1.000000 -1
0 -28.160002 19.200001 11.085126 0.833333 -0.750000 -1
0 -32.000000 15.864418 11.436562 0.791667 -1.000000 -1
0 -28.160002 16.112885 12.363851 0.791667 -0.750000 -1
0 -32.000000 12.799999 11.840000 0.750000 -1.000000 -1
0 -28.160002 12.799999 12.800000 0.750000 -0.750000 -1
0 -32.000000 9.735583 11.436562 0.708333 -1.000000 -1
0 -28.160002 9.487117 12.363851 0.708333 -0.750000 -1
0 -32.000000 6.879999 10.253741 0.666667 -1.000000 -1
0 -28.160002 6.399999 11.085125 0.666667 -0.750000 -1
0 -32.000000 24.639999 -0.000000 -0.000000 -1.000000 -1
0 -32.000000 24.236563 -3.064415 0.041666 -1.000000 -1
0 -32.000000 23.053740 -5.920002 0.083333 -1.000000 -1
0 -32.000000 21.172144 -8.372146 0.125000 -1.000000 -1
0 -32.000000 18.719999 -10.253741 0.166666 -1.000000 -1
0 -32.000000 15.864417 -11.436562 0.208333 -1.000000 -1
0 -32.000000 12.800000 -11.840000 0.250000 -1.000000 -1
0 -32.000000 9.735583 -11.436563 0.291667 -1.000000 -1
0 -32.000000 6.880002 -10.253741 0.333333 -1.000000 -1
0 -32.000000 2.546259 -5.920000 0.000000 -0.000000 -1
0 -32.000000 0.960000 -0.000001 0.000000 -0.000000 -1
0 -32.000000 2.546259 5.920001 0.000000 -0.000000 -1
0 -24.320000 1.714875 6.400001 0.000000 -0.000000 -1
0 -28.160002 1.714875 6.400001 0.000000 -0.000000 -1
0 -28.160002 0.000000 -0.000001 0.000000 -0.000000 -1
0 -24.320000 0.000000 -0.000001 0.000000 -0.000000 -1
0 -24.320000 1.714875 -6.400000 0.000000 -0.000000 -1
0 -28.160002 1.714875 -6.400000 0.000000 -0.000000 -1
0 -28.160002 6.400002 -11.085126 0.333333 -0.750000 -1
0 -24.320000 6.400002 -11.085126 0.333333 -0.500000 -1
0 -28.160002 9.487117 -12.363852 0.291667 -0.750000 -1
0 -28.160002 12.800000 -12.800000 0.250000 -0.750000 -1
0 -28.160002 16.112883 -12.363851 0.208333 -0.750000 -1
0 -28.160002 19.199999 -11.085126 0.166666 -0.750000 -1
0 -28.160002 21.850965 -9.050968 0.125000 -0.750000 -1
0 -28.160002 23.885124 -6.400002 0.083333 -0.750000 -1
0 -28.160002 25.163853 -3.312881 0.041666 -0.750000 -1
0 -28.160002 25.600000 0.000000 -0.000000 -0.750000 -1
0 -24.320002 25.163853 -3.312881 0.041666 -0.500000 -1
0 -24.320002 25.600000 0.000000 -0.000000 -0.500000 -1
0 -24.320002 23.885124 -6.400002 0.083333 -0.500000 -1
0 -24.320002 21.850965 -9.050968 0.125000 -0.500000 -1
0 -24.320002 19.199999 -11.085126 0.166666 -0.500000 -1
0 -24.320002 16.112883 -12.363851 0.208333 -0.500000 -1
0 -24.320002 12.800000 -12.800000 0.250000 -0.500000 -1
0 -24.320002 9.487117 -12.363852 0.291667 -0.500000 -1
0 -24.320000 6.399999 11.085125 0.666667 -0.500000 -1
0 -24.320002 9.487117 12.363851 0.708333 -0.500000 -1
0 -24.320002 12.799999 12.800000 0.750000 -0.500000 -1
0 -24.320002 16.112885 12.363851 0.791667 -0.500000 -1
0 -24.320002 19.200001 11.085126 0.833333 -0.500000 -1
0 -24.320002 21.850967 9.050967 0.875000 -0.500000 -1
0 -24.320002 23.885126 6.400000 0.916667 -0.500000 -1
0 -24.320002 25.163851 3.312884 0.958333 -0.500000 -1
0 -24.320002 25.600000 0.000000 1.000000 -0.500000 -1
60
-0.120945 0.992645 0.000000
-0.763878 0.645314 0.000000
-0.763878 0.623341 0.166997
-0.120945 0.958831 0.256905
-0.763878 0.558855 0.322642
-0.120945 0.859645 0.496323
-0.763878 0.456313 0.456313
-0.120945 0.701895 0.701895
-0.763878 0.322642 0.558855
-0.120945 0.496323 0.859645
-0.763878 0.166997 0.623341
-0.120945 0.256905 0.958831
-0.763878 0.000000 0.645314
-0.120945 0.000000 0.992645
-0.763878 -0.166997 0.623341
-0.120945 -0.256905 0.958831
-0.752037 -0.367290 0.547227
-0.120151 -0.550768 0.825922
-0.763878 0.623341 -0.166997
-0.763878 0.558855 -0.322642
-0.763878 0.456313 -0.456313
-0.763878 0.322642 -0.558855
-0.763878 0.166997 -0.623341
-0.763878 0.000000 -0.645314
-0.763878 -0.166997 -0.623341
-0.752037 -0.367290 -0.547227
-0.740959 -0.581561 -0.335765
-0.740959 -0.671529 0.000000
-0.740959 -0.581561 0.335765
0.000000 -0.866024 0.499985
-0.119785 -0.859767 0.496384
-0.119785 -0.992767 0.000000
0.000000 -1.000000 0.000000
0.000000 -0.866024 -0.499985
-0.119785 -0.859767 -0.496384
-0.120151 -0.550768 -0.825922
0.000000 -0.555559 -0.831446
-0.120945 -0.256905 -0.958831
-0.120945 0.000000 -0.992645
-0.120945 0.256905 -0.958831
-0.120945 0.496323 -0.859645
-0.120945 0.701895 -0.701895
-0.120945 0.859645 -0.496323
-0.120945 0.958831 -0.256905
0.000000 0.965911 -0.258797
0.000000 1.000000 0.000000
0.000000 0.866024 -0.499985
0.000000 0.707083 -0.707083
0.000000 0.499985 -0.866024
0.000000 0.258797 -0.965911
0.000000 0.000000 -1.000000
0.000000 -0.258797 -0.965911
0.000000 -0.555559 0.831446
0.000000 -0.258797 0.965911
0.000000 0.000000 1.000000
0.000000 0.258797 0.965911
0.000000 0.499985 0.866024
0.000000 0.707083 0.707083
0.000000 0.866024 0.499985
0.000000 0.965911 0.258797
98
0 0 1 2 0 1 2 1
0 0 2 3 0 2 3 1
0 3 2 4 3 2 4 2
0 3 4 5 3 4 5 2
0 5 4 6 5 4 6 3
0 5 6 7 5 6 7 3
0 7 6 8 7 6 8 4
0 7 8 9 7 8 9 4
0 9 8 10 9 8 10 5
0 9 10 11 9 10 11 5
0 11 10 12 11 10 12 6
0 11 12 13 11 12 13 6
0 13 12 14 13 12 14 7
0 13 14 15 13 14 15 7
0 15 14 16 15 14 16 8
0 15 16 17 15 16 17 8
0 18 19 20 1 18 19 9
0 18 20 21 1 19 20 9
0 18 21 22 1 20 21 9
0 18 22 23 1 21 22 9
0 18 23 24 1 22 23 9
0 18 24 25 1 23 24 9
0 18 25 26 1 24 25 9
0 18 26 27 1 25 26 9
0 18 27 28 1 26 27 9
0 18 28 29 1 27 28 9
0 18 29 16 1 28 16 9
0 18 16 14 1 16 14 9
0 18 14 12 1 14 12 9
0 18 12 10 1 12 10 9
0 18 10 8 1 10 8 9
0 18 8 6 1 8 6 9
0 18 6 4 1 6 4 9
0 18 4 2 1 4 2 9
0 30 31 32 29 30 31 10
0 30 32 33 29 31 32 10
0 31 29 28 30 28 27 11
0 31 28 32 30 27 31 11
0 34 35 36 33 34 35 12
0 34 36 37 33 35 36 12
0 35 27 26 34 26 25 13
0 35 26 36 34 25 35 13
0 36 26 25 35 25 24 14
0 36 25 38 35 24 37 14
0 38 25 24 37 24 23 15
0 38 24 39 37 23 38 15
0 39 24 23 38 23 22 16
0 39 23 40 38 22 39 16
0 40 23 22 39 22 21 17
0 40 22 41 39 21 40 17
0 41 22 21 40 21 20 18
0 41 21 42 40 20 41 18
0 42 21 20 41 20 19 19
0 42 20 43 41 19 42 19
0 43 20 19 42 19 18 20
0 43 19 44 42 18 43 20
0 44 19 18 43 18 1 21
0 44 18 45 43 1 0 21
0 46 44 45 44 43 0 22
0 46 45 47 44 0 45 22
0 48 43 44 46 42 43 23
0 48 44 46 46 43 44 23
0 49 42 43 47 41 42 24
0 49 43 48 47 42 46 24
0 50 41 42 48 40 41 25
0 50 42 49 48 41 47 25
0 51 40 41 49 39 40 26
0 51 41 50 49 40 48 26
0 52 39 40 50 38 39 27
0 52 40 51 50 39 49 27
0 53 38 39 51 37 38 28
0 53 39 52 51 38 50 28
0 37 36 38 36 35 37 29
0 37 38 53 36 37 51 29
0 33 32 35 32 31 34 30
0 33 35 34 32 34 33 30
0 32 28 27 31 27 26 31
0 32 27 35 31 26 34 31
0 54 17 31 52 17 30 32
0 54 31 30 52 30 29 32
0 29 31 17 28 30 17 33
0 29 17 16 28 17 16 33
0 55 15 17 53 15 17 34
0 55 17 54 53 17 52 34
0 56 13 15 54 13 15 35
0 56 15 55 54 15 53 35
0 57 11 13 55 11 13 36
0 57 13 56 55 13 54 36
0 58 9 11 56 9 11 37
0 58 11 57 56 11 55 37
0 59 7 9 57 7 9 38
0 59 9 58 57 9 56 38
0 60 5 7 58 5 7 39
0 60 7 59 58 7 57 39
0 61 3 5 59 3 5 40
0 61 5 60 59 5 58 40
0 62 0 3 45 0 3 41
0 62 3 61 45 3 59 41
Materials: 0
GroupComments: 0
MaterialComments: 0
BoneComments: 0
ModelComment: 0
