// MilkShape 3D ASCII

Frames: 1
Frame: 1

Meshes: 1
"glasstube" 0 5
42
1 -24.320000 25.163849 3.312884 0.958333 1.000000 -1
1 -24.320000 25.600000 0.000000 1.000000 1.000000 -1
1 24.320000 25.600000 0.000000 1.000000 0.000000 -1
1 24.320000 25.163853 3.312884 0.958333 0.000000 -1
1 -24.320000 23.885124 6.400000 0.916667 1.000000 -1
1 24.320000 23.885126 6.400000 0.916667 0.000000 -1
1 -24.320000 21.850965 9.050967 0.875000 1.000000 -1
1 24.320000 21.850967 9.050967 0.875000 0.000000 -1
1 -24.320000 19.199999 11.085126 0.833333 1.000000 -1
1 24.320000 19.200001 11.085126 0.833333 0.000000 -1
1 -24.320000 16.112883 12.363851 0.791667 1.000000 -1
1 24.320000 16.112885 12.363851 0.791667 0.000000 -1
1 -24.320000 12.799998 12.800000 0.750000 1.000000 -1
1 24.320000 12.800000 12.800000 0.750000 0.000000 -1
1 -24.320000 9.487116 12.363851 0.708333 1.000000 -1
1 24.320000 9.487117 12.363851 0.708333 0.000000 -1
1 -24.320000 6.399999 11.085125 0.666667 1.000000 -1
1 24.320000 6.400000 11.085125 0.666667 0.000000 -1
1 24.320000 1.714876 -6.400000 0.416667 0.000000 -1
1 24.320000 6.400002 -11.085126 0.333333 0.000000 -1
1 -24.320000 6.400000 -11.085126 0.333333 1.000000 -1
1 -24.320000 1.714874 -6.400000 0.416667 1.000000 -1
1 -24.320000 -0.000002 -0.000001 0.500000 1.000000 -1
1 24.320000 0.000001 -0.000001 0.500000 0.000000 -1
1 -24.320000 1.714874 6.400001 0.583333 1.000000 -1
1 24.320000 1.714876 6.400001 0.583333 0.000000 -1
1 -24.320000 9.487116 -12.363852 0.291667 1.000000 -1
1 24.320000 9.487119 -12.363852 0.291667 0.000000 -1
1 -24.320000 12.799999 -12.800000 0.250000 1.000000 -1
1 24.320000 12.800002 -12.800000 0.250000 0.000000 -1
1 -24.320000 16.112883 -12.363851 0.208333 1.000000 -1
1 24.320000 16.112885 -12.363851 0.208333 0.000000 -1
1 -24.320000 19.199997 -11.085126 0.166666 1.000000 -1
1 24.320000 19.200001 -11.085126 0.166666 0.000000 -1
1 -24.320000 21.850965 -9.050968 0.125000 1.000000 -1
1 24.320000 21.850967 -9.050968 0.125000 0.000000 -1
1 -24.320000 23.885122 -6.400002 0.083333 1.000000 -1
1 24.320000 23.885126 -6.400002 0.083333 0.000000 -1
1 -24.320000 25.163851 -3.312881 0.041666 1.000000 -1
1 24.320000 25.163853 -3.312881 0.041666 0.000000 -1
1 -24.320000 25.600000 0.000000 0.000000 1.000000 -1
1 24.320000 25.600000 0.000000 0.000000 0.000000 -1
29
0.000000 -0.991445 -0.130526
0.000000 -0.991445 -0.130527
0.000000 -0.991445 0.130526
0.000000 -0.991445 0.130526
0.000000 -0.965926 -0.258819
0.000000 -0.965926 -0.258819
0.000000 -0.866025 -0.500000
0.000000 -0.866025 -0.500000
0.000000 -0.707107 -0.707107
0.000000 -0.500000 -0.866025
0.000000 -0.258819 -0.965926
0.000000 0.000000 -1.000000
0.000000 0.258819 -0.965926
0.000000 0.555570 -0.831470
0.000000 0.866025 0.500000
0.000000 0.555570 0.831470
0.000000 0.866025 0.500000
0.000000 1.000000 0.000000
0.000000 0.866025 -0.500000
0.000000 0.258819 0.965926
0.000000 0.258819 0.965926
0.000000 0.000000 1.000000
0.000000 -0.258819 0.965926
0.000000 -0.499999 0.866026
0.000000 -0.500000 0.866026
0.000000 -0.707107 0.707107
0.000000 -0.866025 0.500000
0.000000 -0.866025 0.500000
0.000000 -0.965926 0.258819
40
1 0 1 2 4 1 0 1
1 3 0 2 5 4 0 1
1 4 0 3 6 4 5 2
1 5 4 3 7 6 5 2
1 6 4 5 8 6 7 3
1 7 6 5 8 8 7 3
1 8 6 7 9 8 8 4
1 9 8 7 9 9 8 4
1 10 8 9 10 9 9 5
1 11 10 9 10 10 9 5
1 12 10 11 11 10 10 6
1 13 12 11 11 11 10 6
1 14 12 13 12 11 11 7
1 15 14 13 12 12 11 7
1 16 14 15 13 12 12 8
1 17 16 15 13 13 12 8
1 18 19 20 14 15 15 9
1 21 18 20 16 14 15 9
1 21 22 23 16 17 17 10
1 18 21 23 14 16 17 10
1 22 24 25 17 18 18 11
1 23 22 25 17 17 18 11
1 24 16 17 18 13 13 12
1 25 24 17 18 18 13 12
1 26 20 19 19 15 15 13
1 27 26 19 20 19 15 13
1 28 26 27 21 19 20 14
1 29 28 27 21 21 20 14
1 30 28 29 22 21 21 15
1 31 30 29 22 22 21 15
1 32 30 31 23 22 22 16
1 33 32 31 24 23 22 16
1 34 32 33 25 23 24 17
1 35 34 33 25 25 24 17
1 36 34 35 26 25 25 18
1 37 36 35 27 26 25 18
1 38 36 37 28 26 27 19
1 39 38 37 28 28 27 19
1 40 38 39 2 28 28 20
1 41 40 39 3 2 28 20
"glasstube" 0 5
42
1 -24.320000 25.163849 3.312884 0.958333 1.000000 -1
1 -24.320000 25.600000 0.000000 1.000000 1.000000 -1
1 24.320000 25.600000 0.000000 1.000000 0.000000 -1
1 24.320000 25.163853 3.312884 0.958333 0.000000 -1
1 -24.320000 23.885124 6.400000 0.916667 1.000000 -1
1 24.320000 23.885126 6.400000 0.916667 0.000000 -1
1 -24.320000 21.850965 9.050967 0.875000 1.000000 -1
1 24.320000 21.850967 9.050967 0.875000 0.000000 -1
1 -24.320000 19.199999 11.085126 0.833333 1.000000 -1
1 24.320000 19.200001 11.085126 0.833333 0.000000 -1
1 -24.320000 16.112883 12.363851 0.791667 1.000000 -1
1 24.320000 16.112885 12.363851 0.791667 0.000000 -1
1 -24.320000 12.799998 12.800000 0.750000 1.000000 -1
1 24.320000 12.800000 12.800000 0.750000 0.000000 -1
1 -24.320000 9.487116 12.363851 0.708333 1.000000 -1
1 24.320000 9.487117 12.363851 0.708333 0.000000 -1
1 -24.320000 6.399999 11.085125 0.666667 1.000000 -1
1 24.320000 6.400000 11.085125 0.666667 0.000000 -1
1 24.320000 1.714876 -6.400000 0.416667 0.000000 -1
1 24.320000 6.400002 -11.085126 0.333333 0.000000 -1
1 -24.320000 6.400000 -11.085126 0.333333 1.000000 -1
1 -24.320000 1.714874 -6.400000 0.416667 1.000000 -1
1 -24.320000 -0.000002 -0.000001 0.500000 1.000000 -1
1 24.320000 0.000001 -0.000001 0.500000 0.000000 -1
1 -24.320000 1.714874 6.400001 0.583333 1.000000 -1
1 24.320000 1.714876 6.400001 0.583333 0.000000 -1
1 -24.320000 9.487116 -12.363852 0.291667 1.000000 -1
1 24.320000 9.487119 -12.363852 0.291667 0.000000 -1
1 -24.320000 12.799999 -12.800000 0.250000 1.000000 -1
1 24.320000 12.800002 -12.800000 0.250000 0.000000 -1
1 -24.320000 16.112883 -12.363851 0.208333 1.000000 -1
1 24.320000 16.112885 -12.363851 0.208333 0.000000 -1
1 -24.320000 19.199997 -11.085126 0.166666 1.000000 -1
1 24.320000 19.200001 -11.085126 0.166666 0.000000 -1
1 -24.320000 21.850965 -9.050968 0.125000 1.000000 -1
1 24.320000 21.850967 -9.050968 0.125000 0.000000 -1
1 -24.320000 23.885122 -6.400002 0.083333 1.000000 -1
1 24.320000 23.885126 -6.400002 0.083333 0.000000 -1
1 -24.320000 25.163851 -3.312881 0.041666 1.000000 -1
1 24.320000 25.163853 -3.312881 0.041666 0.000000 -1
1 -24.320000 25.600000 0.000000 0.000000 1.000000 -1
1 24.320000 25.600000 0.000000 0.000000 0.000000 -1
48
0.000000 -0.991445 -0.130526
0.000000 -0.991445 -0.130527
0.000000 -0.991445 -0.130526
0.000000 -0.923880 -0.382684
0.000000 -0.923880 -0.382683
0.000000 -0.923879 -0.382684
0.000000 -0.793353 -0.608761
0.000000 -0.608762 -0.793353
0.000000 -0.382683 -0.923880
0.000000 -0.130526 -0.991445
-0.000000 0.130526 -0.991445
-0.000000 0.130526 -0.991445
-0.000000 0.130526 -0.991445
-0.000000 0.382683 -0.923880
-0.000000 0.707107 0.707107
-0.000000 0.707107 0.707107
-0.000000 0.707107 0.707107
-0.000000 0.965926 0.258819
-0.000000 0.965926 0.258819
-0.000000 0.965926 0.258819
-0.000000 0.965926 -0.258819
-0.000000 0.965926 -0.258819
-0.000000 0.965926 -0.258819
-0.000000 0.707107 -0.707107
-0.000000 0.707107 -0.707107
-0.000000 0.707107 -0.707107
-0.000000 0.382684 0.923880
-0.000000 0.382684 0.923880
-0.000000 0.382683 0.923880
-0.000000 0.130526 0.991445
0.000000 -0.130526 0.991445
0.000000 -0.130526 0.991445
0.000000 -0.130526 0.991445
0.000000 -0.382683 0.923880
0.000000 -0.382683 0.923880
0.000000 -0.382683 0.923880
0.000000 -0.608761 0.793353
0.000000 -0.608761 0.793354
0.000000 -0.608761 0.793353
0.000000 -0.793353 0.608761
0.000000 -0.793353 0.608761
0.000000 -0.793353 0.608762
0.000000 -0.923880 0.382683
0.000000 -0.923879 0.382684
0.000000 -0.923880 0.382683
0.000000 -0.991445 0.130526
0.000000 -0.991445 0.130526
0.000000 -0.991445 0.130526
40
1 0 1 2 0 1 0 1
1 3 0 2 2 0 0 1
1 4 0 3 3 4 3 2
1 5 4 3 5 3 3 2
1 6 4 5 6 6 6 3
1 7 6 5 6 6 6 3
1 8 6 7 7 7 7 4
1 9 8 7 7 7 7 4
1 10 8 9 8 8 8 5
1 11 10 9 8 8 8 5
1 12 10 11 9 9 9 6
1 13 12 11 9 9 9 6
1 14 12 13 10 11 10 7
1 15 14 13 12 10 10 7
1 16 14 15 13 13 13 8
1 17 16 15 13 13 13 8
1 18 19 20 14 15 14 9
1 21 18 20 16 14 14 9
1 21 22 23 17 18 17 10
1 18 21 23 19 17 17 10
1 22 24 25 20 21 20 11
1 23 22 25 22 20 20 11
1 24 16 17 23 24 23 12
1 25 24 17 25 23 23 12
1 26 20 19 26 27 26 13
1 27 26 19 28 26 26 13
1 28 26 27 29 29 29 14
1 29 28 27 29 29 29 14
1 30 28 29 30 31 30 15
1 31 30 29 32 30 30 15
1 32 30 31 33 34 33 16
1 33 32 31 35 33 33 16
1 34 32 33 36 37 36 17
1 35 34 33 38 36 36 17
1 36 34 35 39 40 39 18
1 37 36 35 41 39 39 18
1 38 36 37 42 43 42 19
1 39 38 37 44 42 42 19
1 40 38 39 45 46 45 20
1 41 40 39 47 45 45 20

Materials: 0

Bones: 0
GroupComments: 0
MaterialComments: 0
BoneComments: 0
ModelComment: 0
