// MilkShape 3D ASCII
// Converted using ms3dascii-export Blender plugin
// https://github.com/mikex5/ms3dascii-blender-addon
Frames: 1
Frame: 1

Meshes: 1
"hammer" 0 3
38
0 22.717543 5.387453 -9.600000 0.062500 -0.500000 -1
0 22.717543 5.387453 9.600000 0.062500 -1.000000 -1
0 22.955786 4.948799 9.600000 0.040830 -1.000000 -1
0 22.955786 4.948798 -9.600000 0.040830 -0.500000 -1
0 22.326269 3.168445 -9.600000 0.937500 -0.500000 -1
0 22.326269 3.168445 9.600000 0.937500 -1.000000 -1
0 21.707287 2.965527 9.600000 0.875000 -1.000000 -1
0 21.707287 2.965527 -9.600000 0.875000 -0.500000 -1
0 1.773716 6.151826 -9.600000 0.625000 -0.500000 -1
0 1.773716 6.151825 9.600000 0.625000 -1.000000 -1
0 0.897634 6.946893 9.600000 0.562500 -1.000000 -1
0 0.897634 6.946893 -9.600000 0.562500 -0.500000 -1
0 0.915000 8.835184 -9.600000 0.459170 -0.500000 -1
0 0.915001 8.835184 9.600000 0.459170 -1.000000 -1
0 1.288906 9.165900 9.600000 0.437500 -1.000000 -1
0 1.288906 9.165900 -9.600000 0.437500 -0.500000 -1
0 3.968691 9.663218 9.600000 0.375000 -1.000000 -1
0 3.968691 9.663218 -9.600000 0.375000 -0.500000 -1
0 7.841877 9.628295 9.600001 0.312500 -1.000000 -1
0 7.841877 9.628296 -9.599999 0.312500 -0.500000 -1
0 12.318810 9.066447 9.600001 0.250000 -1.000000 -1
0 12.318810 9.066447 -9.599999 0.250000 -0.500000 -1
0 16.717911 8.063210 9.600001 0.187500 -1.000000 -1
0 16.717911 8.063210 -9.599999 0.187500 -0.500000 -1
0 20.369459 6.771320 9.600000 0.125000 -1.000000 -1
0 20.369459 6.771320 -9.600000 0.125000 -0.500000 -1
0 11.885167 4.739900 -9.600001 0.000000 -0.000000 -1
0 11.885167 4.739899 9.599999 0.000000 -0.000000 -1
0 0.659390 7.385548 9.600000 0.540830 -1.000000 -1
0 0.659390 7.385548 -9.600000 0.540830 -0.500000 -1
0 0.548317 8.152486 -9.600000 0.500000 -0.500000 -1
0 0.548318 8.152486 9.600000 0.500000 -1.000000 -1
0 22.700174 3.499161 -9.600000 0.959170 -0.500000 -1
0 22.700178 3.499161 9.600000 0.959170 -1.000000 -1
0 23.066854 4.181859 9.600000 0.000000 -1.000000 -1
0 23.066858 4.181859 -9.600000 0.000000 -0.500000 -1
0 23.066858 4.181859 -9.600000 1.000000 -0.500000 -1
0 23.066854 4.181859 9.600000 1.000000 -1.000000 -1
36
0.545640 0.526872 -0.651631
0.545640 0.526872 0.651631
0.704886 0.234107 0.669546
0.704856 0.234107 -0.669546
0.371715 -0.648488 -0.664266
0.371715 -0.648488 0.664266
0.052065 -0.753075 0.655843
0.052065 -0.753075 -0.655843
-0.323496 -0.691000 -0.646382
-0.323496 -0.691000 0.646382
-0.582904 -0.457747 0.671285
-0.582904 -0.457747 -0.671285
-0.582293 0.461074 -0.669546
-0.582293 0.461074 0.669546
-0.332530 0.681722 0.651631
-0.332530 0.681722 -0.651631
-0.063356 0.724723 0.686087
-0.063356 0.724723 -0.686087
0.048128 0.718040 0.694296
0.048128 0.718040 -0.694296
0.124668 0.707022 0.696097
0.124668 0.707022 -0.696097
0.200354 0.691214 0.694296
0.200354 0.691214 -0.694296
0.307413 0.659352 0.686087
0.307413 0.659352 -0.686087
-0.112461 -0.702597 -0.702628
-0.112461 -0.702597 0.702628
-0.704856 -0.234107 0.669546
-0.704856 -0.234107 -0.669546
-0.754234 0.132969 -0.642964
-0.754234 0.132969 0.642964
0.582293 -0.461074 -0.669546
0.582293 -0.461074 0.669546
0.754234 -0.132969 0.642964
0.754234 -0.132969 -0.642964
68
0 0 1 2 0 1 2 1
0 0 2 3 0 2 3 1
0 4 5 6 4 5 6 2
0 4 6 7 4 6 7 2
0 8 9 10 8 9 10 3
0 8 10 11 8 10 11 3
0 12 13 14 12 13 14 4
0 12 14 15 12 14 15 4
0 15 14 16 15 14 16 5
0 15 16 17 15 16 17 5
0 17 16 18 17 16 18 6
0 17 18 19 17 18 19 6
0 19 18 20 19 18 20 7
0 19 20 21 19 20 21 7
0 21 20 22 21 20 22 8
0 21 22 23 21 22 23 8
0 23 22 24 23 22 24 9
0 23 24 25 23 24 25 9
0 25 24 1 25 24 1 10
0 25 1 0 25 1 0 10
0 8 26 27 8 26 27 11
0 8 27 9 8 27 9 11
0 11 10 28 11 10 28 12
0 11 28 29 11 28 29 12
0 13 12 30 13 12 30 13
0 13 30 31 13 30 31 13
0 31 30 29 31 30 29 14
0 31 29 28 31 29 28 14
0 32 33 5 32 33 5 15
0 32 5 4 32 5 4 15
0 3 2 34 3 2 34 16
0 3 34 35 3 34 35 16
0 36 37 33 35 34 33 17
0 36 33 32 35 33 32 17
0 7 6 27 7 6 27 18
0 7 27 26 7 27 26 18
0 6 5 33 6 5 33 19
0 6 33 34 6 33 34 19
0 6 34 2 6 34 2 19
0 6 2 1 6 2 1 19
0 6 1 24 6 1 24 19
0 6 24 22 6 24 22 19
0 6 22 20 6 22 20 19
0 6 20 18 6 20 18 19
0 6 18 16 6 18 16 19
0 6 16 14 6 16 14 19
0 6 14 13 6 14 13 19
0 6 13 31 6 13 31 19
0 6 31 28 6 31 28 19
0 6 28 10 6 28 10 19
0 6 10 9 6 10 9 19
0 6 9 27 6 9 27 19
0 4 7 26 4 7 26 20
0 4 26 8 4 26 8 20
0 4 8 11 4 8 11 20
0 4 11 29 4 11 29 20
0 4 29 30 4 29 30 20
0 4 30 12 4 30 12 20
0 4 12 15 4 12 15 20
0 4 15 17 4 15 17 20
0 4 17 19 4 17 19 20
0 4 19 21 4 19 21 20
0 4 21 23 4 21 23 20
0 4 23 25 4 23 25 20
0 4 25 0 4 25 0 20
0 4 0 3 4 0 3 20
0 4 3 36 4 3 35 20
0 4 36 32 4 35 32 20
Materials: 0
GroupComments: 0
MaterialComments: 0
BoneComments: 0
ModelComment: 0
