// MilkShape 3D ASCII
// Converted using ms3dascii-export Blender plugin
// https://github.com/mikex5/ms3dascii-blender-addon
Frames: 1
Frame: 1

Meshes: 1
"comboholder" 0 0
38
0 -56.320004 3.328000 42.240002 0.375000 -0.000000 -1
0 -56.320004 8.448000 42.240002 0.625000 -0.000000 -1
0 56.320004 8.448000 42.240002 0.625000 -0.250000 -1
0 56.320004 3.328000 42.240002 0.375000 -0.250000 -1
0 28.159998 3.840000 52.800007 0.375000 -0.437500 -1
0 28.159998 8.960000 52.800007 0.625000 -0.437500 -1
0 25.600000 8.960000 71.680000 0.625000 -0.500000 -1
0 25.600000 3.840000 71.680000 0.375000 -0.500000 -1
0 -35.839996 3.840000 44.480007 0.375000 -0.937500 -1
0 -35.839996 8.960000 44.480011 0.625000 -0.937500 -1
0 -56.320004 8.448000 42.240002 0.625000 -1.000000 -1
0 -56.320004 3.328000 42.240002 0.375000 -1.000000 -1
0 28.159998 3.840000 52.800007 0.312500 -0.500000 -1
0 -25.600000 3.840000 71.680000 0.375000 -0.750000 -1
0 -28.159998 3.840000 52.800007 0.312500 -0.750000 -1
0 35.839996 8.960000 44.480007 0.812500 -0.500000 -1
0 56.320004 8.448000 42.240002 0.875000 -0.500000 -1
0 -56.320004 8.448000 42.240002 0.875000 -0.750000 -1
0 -35.839996 8.960000 44.480011 0.812500 -0.750000 -1
0 28.159998 8.960000 52.800007 0.687500 -0.500000 -1
0 -28.159998 8.960000 52.800007 0.687500 -0.750000 -1
0 -25.600000 8.960000 71.680000 0.625000 -0.750000 -1
0 30.719995 8.960000 47.999996 0.750000 -0.500000 -1
0 -30.719995 8.960000 48.000000 0.750000 -0.750000 -1
0 56.320004 3.328000 42.240002 0.125000 -0.500000 -1
0 35.839996 3.840000 44.480011 0.187500 -0.500000 -1
0 -35.839996 3.840000 44.480007 0.187500 -0.750000 -1
0 -56.320004 3.328000 42.240002 0.125000 -0.750000 -1
0 30.719995 3.840000 48.000000 0.250000 -0.500000 -1
0 -30.719995 3.840000 47.999996 0.250000 -0.750000 -1
0 -28.159998 8.960000 52.800007 0.625000 -0.812500 -1
0 -28.159998 3.840000 52.800007 0.375000 -0.812500 -1
0 -30.719995 8.960000 48.000000 0.625000 -0.875000 -1
0 -30.719995 3.840000 47.999996 0.375000 -0.875000 -1
0 35.839996 8.960000 44.480007 0.625000 -0.312500 -1
0 35.839996 3.840000 44.480011 0.375000 -0.312500 -1
0 30.719995 8.960000 47.999996 0.625000 -0.375000 -1
0 30.719995 3.840000 48.000000 0.375000 -0.375000 -1
20
-0.838313 -0.543229 -0.045442
-0.846004 0.531144 -0.046358
0.846004 0.531144 -0.046358
0.838313 -0.543229 -0.045442
0.630360 -0.749107 0.203558
0.630360 0.749107 0.203558
0.671285 0.735557 0.091006
0.671285 -0.735557 0.091006
-0.206885 -0.691824 0.691763
-0.246529 0.828700 0.502457
-0.671285 -0.735557 0.091006
-0.630360 -0.749107 0.203558
0.246529 0.828700 0.502457
-0.630360 0.749107 0.203558
-0.671285 0.735557 0.091006
0.480636 0.764519 0.429456
-0.480636 0.764519 0.429456
0.206885 -0.691824 0.691763
0.480636 -0.764519 0.429456
-0.480636 -0.764519 0.429456
34
0 0 1 2 0 1 2 1
0 0 2 3 0 2 3 1
0 4 5 6 4 5 6 2
0 4 6 7 4 6 7 2
0 8 9 10 8 9 1 3
0 8 10 11 8 1 0 3
0 12 7 13 4 7 10 4
0 12 13 14 4 10 11 4
0 15 16 17 12 2 1 5
0 15 17 18 12 1 9 5
0 6 19 20 6 5 13 6
0 6 20 21 6 13 14 6
0 19 22 23 5 15 16 7
0 19 23 20 5 16 13 7
0 22 15 18 15 12 9 8
0 22 18 23 15 9 16 8
0 24 25 26 3 17 8 9
0 24 26 27 3 8 0 9
0 25 28 29 17 18 19 10
0 25 29 26 17 19 8 10
0 28 12 14 18 4 11 11
0 28 14 29 18 11 19 11
0 13 21 30 10 14 13 12
0 13 30 31 10 13 11 12
0 31 30 32 11 13 16 13
0 31 32 33 11 16 19 13
0 33 32 9 19 16 9 14
0 33 9 8 19 9 8 14
0 3 2 34 3 2 12 15
0 3 34 35 3 12 17 15
0 35 34 36 17 12 15 16
0 35 36 37 17 15 18 16
0 37 36 5 18 15 5 17
0 37 5 4 18 5 4 17
Materials: 0
GroupComments: 0
MaterialComments: 0
BoneComments: 0
ModelComment: 0
