// MilkShape 3D ASCII
// Converted using ms3dascii-export Blender plugin
// https://github.com/mikex5/ms3dascii-blender-addon
Frames: 1
Frame: 1

Meshes: 1
"base" 0 3
10
0 -32.128002 0.000000 -10.240001 -0.000000 0.250000 -1
0 -32.128002 4.480000 -10.240001 -0.000000 0.750000 -1
0 32.128002 4.480000 -10.240001 -0.250000 0.750000 -1
0 32.128002 0.000000 -10.240001 -0.250000 0.250000 -1
0 32.128002 4.480000 10.240001 -0.500000 0.750000 -1
0 32.128002 0.000000 10.240001 -0.500000 0.250000 -1
0 -32.128002 4.480000 10.240001 -0.750000 0.750000 -1
0 -32.128002 0.000000 10.240001 -0.750000 0.250000 -1
0 -32.128002 4.480000 -10.240001 -1.000000 0.750000 -1
0 -32.128002 0.000000 -10.240001 -1.000000 0.250000 -1
4
-0.707083 0.000000 -0.707083
0.707083 0.000000 -0.707083
0.707083 0.000000 0.707083
-0.707083 0.000000 0.707083
8
0 0 1 2 0 0 1 1
0 0 2 3 0 1 1 1
0 3 2 4 1 1 2 2
0 3 4 5 1 2 2 2
0 5 4 6 2 2 3 3
0 5 6 7 2 3 3 3
0 7 6 8 3 3 0 4
0 7 8 9 3 0 0 4
Materials: 0
GroupComments: 0
MaterialComments: 0
BoneComments: 0
ModelComment: 0
