// MilkShape 3D ASCII
// Converted using ms3dascii-export Blender plugin
// https://github.com/mikex5/ms3dascii-blender-addon
Frames: 300
Frame: 1

Meshes: 1
"Plane.006" 0 4
120
0 -24.320000 0.000000 17.529470 0.434239 -0.607573 -1
0 24.320000 0.000013 17.529470 0.434239 -0.004651 -1
0 24.320000 1.582180 12.660059 0.493897 -0.004651 -1
0 -24.320000 1.582180 12.660061 0.493897 -0.607573 -1
0 24.320000 0.000013 -17.529470 0.006535 -0.607573 -1
0 -24.320000 0.000013 -17.529470 0.006535 -0.004651 -1
0 -24.320000 1.582180 -12.660061 0.066193 -0.004651 -1
0 24.320000 1.582180 -12.660061 0.066193 -0.607573 -1
0 -24.320000 2.646671 7.651961 0.356473 -0.007144 -1
0 -24.320000 1.582180 12.660061 0.432687 -0.007144 -1
0 -19.200001 1.582180 12.660061 0.432687 -0.088222 -1
0 -19.200001 2.646681 7.651957 0.356473 -0.088222 -1
0 -24.320000 3.181877 2.560011 0.280335 -0.006167 -1
0 24.320000 3.181877 2.560011 0.280335 -0.609089 -1
0 24.320000 3.181877 -2.560011 0.220677 -0.609089 -1
0 -24.320000 3.181877 -2.560010 0.220677 -0.006167 -1
0 -17.920000 3.181877 -2.560011 0.594782 -0.577274 -1
0 17.920000 3.181877 -2.560011 0.601189 -0.044107 -1
0 17.920000 1.908889 -2.426214 0.622699 -0.054547 -1
0 -17.920000 1.908889 -2.426214 0.615340 -0.566481 -1
0 17.920000 3.181877 2.560011 0.792521 -0.577274 -1
0 -17.920000 3.181877 2.560011 0.798928 -0.044107 -1
0 -17.920000 1.908889 2.426214 0.820437 -0.054547 -1
0 17.920000 1.908889 2.426214 0.813079 -0.566481 -1
0 -17.920000 1.908889 2.426214 0.520133 -0.872551 -1
0 -19.200001 1.775093 3.699202 0.503595 -0.856059 -1
0 -19.200001 1.185682 7.420560 0.503595 -0.807445 -1
0 -19.200001 0.596271 11.141917 0.503595 -0.758831 -1
0 -17.920000 0.330144 12.393946 0.520133 -0.742338 -1
0 17.920000 0.330144 12.393946 0.982563 -0.742338 -1
0 19.200001 0.596271 11.141917 0.999101 -0.758831 -1
0 19.200001 1.185682 7.420560 0.999101 -0.807445 -1
0 19.200001 1.775093 3.699202 0.999101 -0.856059 -1
0 17.920000 1.908889 2.426214 0.982563 -0.872551 -1
0 -17.920000 0.330144 -12.393945 0.019577 -0.871382 -1
0 -19.200001 0.596271 -11.141917 0.002991 -0.854841 -1
0 -19.200001 1.185682 -7.420560 0.002991 -0.806085 -1
0 -19.200001 1.775093 -3.699202 0.002991 -0.757329 -1
0 -17.920000 1.908889 -2.426214 0.019577 -0.740788 -1
0 17.920000 1.908889 -2.426214 0.483362 -0.740788 -1
0 19.200001 1.775093 -3.699202 0.499948 -0.757329 -1
0 19.200001 1.185682 -7.420560 0.499948 -0.806085 -1
0 19.200001 0.596271 -11.141917 0.499948 -0.854841 -1
0 17.920000 0.330144 -12.393945 0.483362 -0.871382 -1
0 19.200001 3.048081 3.832999 0.816680 -0.606068 -1
0 19.200001 1.775093 3.699202 0.828232 -0.586875 -1
0 19.200001 3.048081 -3.832999 0.627859 -0.011662 -1
0 19.200001 1.775093 -3.699202 0.641972 -0.033984 -1
0 -19.200001 2.646682 -7.651968 0.690658 -0.620992 -1
0 -19.200001 3.048081 -3.832999 0.618941 -0.606068 -1
0 -19.200001 1.775093 -3.699202 0.630493 -0.586875 -1
0 -19.200001 1.185682 -7.420560 0.690476 -0.594552 -1
0 -19.200001 2.646682 7.651968 0.897179 -0.006201 -1
0 -19.200001 1.848300 11.408044 0.964493 -0.015372 -1
0 -19.200001 0.596271 11.141917 0.954887 -0.034528 -1
0 -19.200001 1.185682 7.420560 0.896646 -0.032388 -1
0 -17.920000 1.582180 12.660061 0.990260 -0.040826 -1
0 -17.920000 0.330144 12.393946 0.970398 -0.052249 -1
0 -17.920000 1.582180 -12.660061 0.792521 -0.577474 -1
0 -19.200001 1.848300 -11.408044 0.762303 -0.605109 -1
0 -19.200001 0.596271 -11.141917 0.750419 -0.584152 -1
0 -17.920000 0.330144 -12.393945 0.770298 -0.563895 -1
0 17.920000 1.582180 -12.660061 0.792521 -0.040826 -1
0 17.920000 0.330144 -12.393945 0.772660 -0.052249 -1
0 -19.200001 3.048081 3.832999 0.825598 -0.011662 -1
0 -19.200001 1.775093 3.699202 0.839710 -0.033984 -1
0 17.920000 1.582180 12.660061 0.990260 -0.577474 -1
0 17.920000 0.330144 12.393946 0.968037 -0.563895 -1
0 19.200001 2.646682 -7.651968 0.699441 -0.006201 -1
0 19.200001 1.848300 -11.408044 0.766755 -0.015372 -1
0 19.200001 0.596271 -11.141917 0.757149 -0.034528 -1
0 19.200001 1.185682 -7.420560 0.698907 -0.032388 -1
0 19.200001 1.848300 11.408044 0.960042 -0.605109 -1
0 19.200001 0.596271 11.141917 0.948158 -0.584152 -1
0 19.200001 2.646682 7.651968 0.888397 -0.620992 -1
0 19.200001 1.185682 7.420560 0.888215 -0.594552 -1
0 24.320000 1.582180 -12.660061 0.065817 -0.606692 -1
0 19.200001 1.582180 -12.660061 0.065817 -0.525614 -1
0 19.200001 2.646682 -7.651968 0.142031 -0.525614 -1
0 24.320000 2.646681 -7.651957 0.142031 -0.606692 -1
0 24.320000 3.181877 2.560011 0.279834 -0.606672 -1
0 19.200001 3.181877 2.560011 0.279834 -0.525594 -1
0 19.200001 2.646681 7.651957 0.356048 -0.525594 -1
0 24.320000 2.646681 7.651957 0.356048 -0.606672 -1
0 -19.200001 1.848300 11.408044 0.414636 -0.088254 -1
0 -19.200001 1.582180 12.660061 0.433689 -0.088254 -1
0 -17.920000 1.582180 12.660061 0.433689 -0.108524 -1
0 19.200001 1.848300 11.408044 0.413679 -0.523644 -1
0 17.920000 1.582180 12.660061 0.432732 -0.503374 -1
0 19.200001 1.582180 12.660061 0.432732 -0.523644 -1
0 -19.200001 3.048081 3.832999 0.300485 -0.089097 -1
0 -17.920000 3.181877 2.560011 0.281431 -0.109367 -1
0 -19.200001 3.181877 2.560011 0.281431 -0.089097 -1
0 19.200001 3.048081 3.832999 0.299919 -0.523956 -1
0 19.200001 3.181877 2.560011 0.280865 -0.523956 -1
0 17.920000 3.181877 2.560011 0.280865 -0.503686 -1
0 -19.200001 3.048081 -3.832999 0.200561 -0.087137 -1
0 -19.200001 3.181877 -2.560011 0.219614 -0.087137 -1
0 -17.920000 3.181877 -2.560011 0.219614 -0.107406 -1
0 19.200001 3.048081 -3.832999 0.199328 -0.524847 -1
0 17.920000 3.181877 -2.560011 0.218382 -0.504577 -1
0 19.200001 3.181877 -2.560011 0.218382 -0.524847 -1
0 -19.200001 1.582180 -12.660061 0.067389 -0.087894 -1
0 -19.200001 1.848300 -11.408044 0.086442 -0.087894 -1
0 -17.920000 1.582180 -12.660061 0.067388 -0.108164 -1
0 19.200001 1.582180 -12.660061 0.066721 -0.523644 -1
0 17.920000 1.582180 -12.660061 0.066721 -0.503374 -1
0 19.200001 1.848300 -11.408044 0.085774 -0.523644 -1
0 -19.200001 2.646681 -7.651957 0.143405 -0.086706 -1
0 -19.200001 1.582180 -12.660061 0.067191 -0.086706 -1
0 -24.320000 1.582180 -12.660061 0.067192 -0.005628 -1
0 -24.320000 2.646682 -7.651956 0.143405 -0.005628 -1
0 -19.200001 3.181877 -2.560011 0.219619 -0.086706 -1
0 -24.320000 3.181877 -2.560010 0.219619 -0.005628 -1
0 24.320000 3.181877 -2.560011 0.218245 -0.606692 -1
0 19.200001 3.181877 -2.560011 0.218245 -0.525614 -1
0 -19.200001 3.181877 2.560011 0.280260 -0.088222 -1
0 -24.320000 3.181877 2.560011 0.280260 -0.007144 -1
0 24.320000 1.582180 12.660059 0.432262 -0.606672 -1
0 19.200001 1.582180 12.660061 0.432262 -0.525594 -1
50
0.000000 0.951048 0.309000
0.000000 0.965911 0.258797
0.000000 0.951048 -0.309000
0.000000 0.965911 -0.258797
0.000000 0.987671 0.156407
0.000000 0.978118 0.207892
0.000000 0.998627 0.052309
0.000000 0.998627 -0.052309
0.382672 -0.096561 -0.918790
-0.382672 -0.096561 -0.918790
-0.290292 0.534989 -0.793390
0.290292 0.534989 -0.793390
-0.382672 -0.096561 0.918790
0.382672 -0.096561 0.918790
0.290292 0.534989 0.793390
-0.290292 0.534989 0.793390
0.717277 0.579760 0.386456
0.707144 0.698355 0.110599
0.717277 0.670797 -0.188391
0.290292 0.753990 -0.589221
-0.290292 0.753990 -0.589221
-0.717277 0.670797 -0.188391
-0.707144 0.698355 0.110599
-0.717277 0.579760 0.386456
0.290292 0.753990 0.589221
0.717277 0.670797 0.188391
0.707144 0.698355 -0.110599
0.717277 0.579760 -0.386456
-0.717277 0.579760 -0.386456
-0.707144 0.698355 -0.110599
-0.717277 0.670797 0.188391
-0.290292 0.753990 0.589221
-0.923856 -0.039979 0.380566
-0.923856 -0.039979 -0.380566
1.000000 0.000000 0.000000
0.923856 -0.039979 -0.380566
0.923856 0.079562 -0.374310
0.382672 0.192053 -0.903684
0.382672 0.192053 0.903684
0.923856 0.079562 0.374310
-0.382672 0.192053 0.903684
0.923856 -0.039979 0.380566
-0.382672 0.192053 -0.903684
-1.000000 0.000000 0.000000
-0.923856 0.079562 0.374310
-0.923856 0.079562 -0.374310
0.000000 0.978118 -0.207892
0.000000 0.987671 -0.156407
0.000000 0.994507 0.104526
0.000000 0.994507 -0.104526
86
0 0 1 2 0 0 1 1
0 0 2 3 0 1 1 1
0 4 5 6 2 2 3 2
0 4 6 7 2 3 3 2
0 8 9 10 4 1 5 3
0 8 10 11 4 5 4 3
0 12 13 14 6 6 7 4
0 12 14 15 6 7 7 4
0 16 17 18 8 9 10 5
0 16 18 19 8 10 11 5
0 20 21 22 12 13 14 6
0 20 22 23 12 14 15 6
0 24 25 26 14 16 17 7
0 24 26 27 14 17 18 7
0 24 27 28 14 18 19 7
0 24 28 29 14 19 20 7
0 24 29 30 14 20 21 7
0 24 30 31 14 21 22 7
0 24 31 32 14 22 23 7
0 24 32 33 14 23 15 7
0 34 35 36 24 25 26 8
0 34 36 37 24 26 27 8
0 34 37 38 24 27 11 8
0 34 38 39 24 11 10 8
0 34 39 40 24 10 28 8
0 34 40 41 24 28 29 8
0 34 41 42 24 29 30 8
0 34 42 43 24 30 31 8
0 44 20 23 32 12 15 9
0 44 23 45 32 15 23 9
0 17 46 47 9 33 28 10
0 17 47 18 9 28 10 10
0 48 49 50 34 35 27 11
0 48 50 51 34 27 26 11
0 52 53 54 34 36 18 12
0 52 54 55 34 18 17 12
0 53 56 57 36 37 19 13
0 53 57 54 36 19 18 13
0 58 59 60 38 39 25 14
0 58 60 61 38 25 24 14
0 62 58 61 40 38 24 15
0 62 61 63 40 24 31 15
0 21 64 65 13 41 16 16
0 21 65 22 13 16 14 16
0 56 66 67 37 42 20 17
0 56 67 57 37 20 19 17
0 68 69 70 43 44 30 18
0 68 70 71 43 30 29 18
0 66 72 73 42 45 21 19
0 66 73 67 42 21 20 19
0 69 62 63 44 40 31 20
0 69 63 70 44 31 30 20
0 74 44 45 43 32 23 21
0 74 45 75 43 23 22 21
0 49 16 19 35 8 11 22
0 49 19 50 35 11 27 22
0 76 77 78 3 46 47 23
0 76 78 79 3 47 47 23
0 80 81 82 6 48 4 24
0 80 82 83 6 4 4 24
0 46 68 71 33 43 29 25
0 46 71 47 33 29 28 25
0 59 48 51 39 34 26 26
0 59 51 60 39 26 25 26
0 64 52 55 41 34 17 27
0 64 55 65 41 17 16 27
0 72 74 75 45 43 22 28
0 72 75 73 45 22 21 28
0 84 85 86 5 5 5 29
0 87 88 89 5 5 5 30
0 90 91 92 48 48 48 31
0 93 94 95 48 48 48 32
0 96 97 98 49 49 49 33
0 99 100 101 49 49 49 34
0 102 103 104 46 46 46 35
0 105 106 107 46 46 46 36
0 108 109 110 47 46 3 37
0 108 110 111 47 3 47 37
0 112 108 111 49 47 47 38
0 112 111 113 49 47 7 38
0 114 79 78 7 47 47 39
0 114 78 115 7 47 49 39
0 8 11 116 4 4 48 40
0 8 116 117 4 48 6 40
0 118 83 82 1 4 4 41
0 118 82 119 1 4 5 41
Materials: 0
GroupComments: 0
MaterialComments: 0
BoneComments: 0
ModelComment: 0
