// MilkShape 3D ASCII
// Converted using ms3dascii-export Blender plugin
// https://github.com/mikex5/ms3dascii-blender-addon
Frames: 1
Frame: 1

Meshes: 1
"tube" 0 5
54
0 -77.999969 12.133319 0.000000 1.000000 -0.900000 -1
0 -129.999954 10.053317 0.000000 1.000000 -1.000000 -1
0 -129.999954 8.493318 2.701998 0.833333 -1.000000 -1
0 -77.999969 10.573318 2.701998 0.833333 -0.900000 -1
0 -129.999954 5.373318 2.701998 0.666667 -1.000000 -1
0 -77.999969 7.453320 2.701998 0.666667 -0.900000 -1
0 -129.999954 3.813319 -0.000000 0.500000 -1.000000 -1
0 -77.999969 5.893321 -0.000000 0.500000 -0.900000 -1
0 -129.999954 5.373319 -2.701998 0.333333 -1.000000 -1
0 -77.999969 7.453321 -2.701998 0.333333 -0.900000 -1
0 -129.999954 8.493318 2.701998 0.457846 -0.370000 -1
0 -129.999954 10.053317 0.000000 0.250000 -0.490000 -1
0 -129.999954 8.493318 -2.701998 0.042154 -0.370000 -1
0 -129.999954 5.373319 -2.701998 0.042154 -0.130000 -1
0 -129.999954 3.813319 -0.000000 0.250000 -0.010000 -1
0 -129.999954 5.373318 2.701998 0.457846 -0.130000 -1
0 -129.999954 8.493318 -2.701998 0.166667 -1.000000 -1
0 -77.999969 10.573318 -2.701998 0.166667 -0.900000 -1
0 -129.999954 10.053317 0.000000 -0.000000 -1.000000 -1
0 -77.999969 12.133319 0.000000 -0.000000 -0.900000 -1
0 129.999954 10.053329 0.000000 0.750000 -0.490000 -1
0 129.999954 8.493328 2.701998 0.957846 -0.370000 -1
0 129.999954 5.373330 2.701998 0.957846 -0.130000 -1
0 129.999954 3.813330 -0.000000 0.750000 -0.010000 -1
0 129.999954 5.373330 -2.701998 0.542154 -0.130000 -1
0 129.999954 8.493328 -2.701998 0.542154 -0.370000 -1
0 129.999954 8.493328 -2.701998 0.166667 -0.500000 -1
0 77.999969 10.573326 -2.701998 0.166667 -0.600000 -1
0 77.999969 12.133326 0.000000 -0.000000 -0.600000 -1
0 129.999954 10.053329 0.000000 -0.000000 -0.500000 -1
0 25.999990 11.613324 -2.701998 0.166667 -0.700000 -1
0 25.999990 13.173326 0.000000 -0.000000 -0.700000 -1
0 -25.999990 11.613322 -2.701998 0.166667 -0.800000 -1
0 -25.999990 13.173323 0.000000 -0.000000 -0.800000 -1
0 129.999954 5.373330 -2.701998 0.333333 -0.500000 -1
0 77.999969 7.453327 -2.701998 0.333333 -0.600000 -1
0 25.999990 8.493325 -2.701998 0.333333 -0.700000 -1
0 -25.999990 8.493322 -2.701998 0.333333 -0.800000 -1
0 129.999954 3.813330 -0.000000 0.500000 -0.500000 -1
0 77.999969 5.893328 -0.000000 0.500000 -0.600000 -1
0 25.999990 6.933325 -0.000000 0.500000 -0.700000 -1
0 -25.999990 6.933323 -0.000000 0.500000 -0.800000 -1
0 129.999954 5.373330 2.701998 0.666667 -0.500000 -1
0 77.999969 7.453327 2.701998 0.666667 -0.600000 -1
0 25.999990 8.493324 2.701998 0.666667 -0.700000 -1
0 -25.999990 8.493321 2.701998 0.666667 -0.800000 -1
0 129.999954 8.493328 2.701998 0.833333 -0.500000 -1
0 77.999969 10.573326 2.701998 0.833333 -0.600000 -1
0 25.999990 11.613324 2.701998 0.833333 -0.700000 -1
0 -25.999990 11.613322 2.701998 0.833333 -0.800000 -1
0 129.999954 10.053329 0.000000 1.000000 -0.500000 -1
0 77.999969 12.133326 0.000000 1.000000 -0.600000 -1
0 25.999990 13.173326 0.000000 1.000000 -0.700000 -1
0 -25.999990 13.173323 0.000000 1.000000 -0.800000 -1
36
-0.029878 0.999542 0.000000
-0.624958 0.780633 0.000000
-0.617328 0.385723 0.685629
-0.015107 0.502213 0.864589
-0.602313 -0.406629 0.686911
0.014863 -0.497452 0.867336
-0.594928 -0.803766 0.000000
0.030061 -0.999542 0.000000
-0.602313 -0.406629 -0.686911
0.014863 -0.497452 -0.867336
-0.617328 0.385723 -0.685629
-0.015107 0.502213 -0.864589
0.624958 0.780633 0.000000
0.617328 0.385723 0.685629
0.602313 -0.406629 0.686911
0.594928 -0.803766 0.000000
0.602313 -0.406629 -0.686911
0.617328 0.385723 -0.685629
0.015107 0.502213 -0.864589
0.029878 0.999542 0.000000
0.005036 0.502335 -0.864620
0.009949 0.999939 0.000000
-0.005036 0.502335 -0.864620
-0.009949 0.999939 0.000000
-0.014863 -0.497452 -0.867336
-0.004944 -0.497574 -0.867397
0.004944 -0.497574 -0.867397
-0.030061 -0.999542 0.000000
-0.010010 -0.999939 0.000000
0.010010 -0.999939 0.000000
-0.014863 -0.497452 0.867336
-0.004944 -0.497574 0.867397
0.004944 -0.497574 0.867397
0.015107 0.502213 0.864589
0.005036 0.502335 0.864620
-0.005036 0.502335 0.864620
68
0 0 1 2 0 1 2 1
0 0 2 3 0 2 3 1
0 3 2 4 3 2 4 2
0 3 4 5 3 4 5 2
0 5 4 6 5 4 6 3
0 5 6 7 5 6 7 3
0 7 6 8 7 6 8 4
0 7 8 9 7 8 9 4
0 10 11 12 2 1 10 5
0 10 12 13 2 10 8 5
0 10 13 14 2 8 6 5
0 10 14 15 2 6 4 5
0 9 8 16 9 8 10 6
0 9 16 17 9 10 11 6
0 17 16 18 11 10 1 7
0 17 18 19 11 1 0 7
0 20 21 22 12 13 14 8
0 20 22 23 12 14 15 8
0 20 23 24 12 15 16 8
0 20 24 25 12 16 17 8
0 26 27 28 17 18 19 9
0 26 28 29 17 19 12 9
0 27 30 31 18 20 21 10
0 27 31 28 18 21 19 10
0 30 32 33 20 22 23 11
0 30 33 31 20 23 21 11
0 32 17 19 22 11 0 12
0 32 19 33 22 0 23 12
0 34 35 27 16 24 18 13
0 34 27 26 16 18 17 13
0 35 36 30 24 25 20 14
0 35 30 27 24 20 18 14
0 36 37 32 25 26 22 15
0 36 32 30 25 22 20 15
0 37 9 17 26 9 11 16
0 37 17 32 26 11 22 16
0 38 39 35 15 27 24 17
0 38 35 34 15 24 16 17
0 39 40 36 27 28 25 18
0 39 36 35 27 25 24 18
0 40 41 37 28 29 26 19
0 40 37 36 28 26 25 19
0 41 7 9 29 7 9 20
0 41 9 37 29 9 26 20
0 42 43 39 14 30 27 21
0 42 39 38 14 27 15 21
0 43 44 40 30 31 28 22
0 43 40 39 30 28 27 22
0 44 45 41 31 32 29 23
0 44 41 40 31 29 28 23
0 45 5 7 32 5 7 24
0 45 7 41 32 7 29 24
0 46 47 43 13 33 30 25
0 46 43 42 13 30 14 25
0 47 48 44 33 34 31 26
0 47 44 43 33 31 30 26
0 48 49 45 34 35 32 27
0 48 45 44 34 32 31 27
0 49 3 5 35 3 5 28
0 49 5 45 35 5 32 28
0 50 51 47 12 19 33 29
0 50 47 46 12 33 13 29
0 51 52 48 19 21 34 30
0 51 48 47 19 34 33 30
0 52 53 49 21 23 35 31
0 52 49 48 21 35 34 31
0 53 0 3 23 0 3 32
0 53 3 49 23 3 35 32
Materials: 0
GroupComments: 0
MaterialComments: 0
BoneComments: 0
ModelComment: 0
